6.702056277056271938e+01 2.779675324675324646e+02
3.513712121212118973e+02 2.526374458874458924e+02
7.764285714285705353e+01 3.196396103896103682e+02
3.317608225108224360e+02 2.951266233766233427e+02
7.600865800865790334e+01 3.474209956709956941e+02
3.186872294372292345e+02 3.180054112554113317e+02
1.511818181818181301e+02 4.969502164502164305e+02
2.941742424242422658e+02 4.904134199134199434e+02
1.789632034632033424e+02 5.206461038961037957e+02
2.761980519480517842e+02 5.100238095238095184e+02
2.140984848484847589e+02 5.418906926406925777e+02
2.614902597402596029e+02 5.378051948051949012e+02
1.299372294372293482e+02 1.276212121212120110e+02
2.958084415584415865e+02 1.145476190476190368e+02
1.258517316017315011e+02 8.676623376623365402e+01
2.467824675324675354e+02 7.614393939393926303e+01
1.479134199134198866e+02 4.672835497835490060e+01
1.895854978354979039e+02 3.937445887445880999e+01
1.046071428571428328e+02 3.098344155844156376e+02
1.323885281385279882e+02 3.212738095238095184e+02
1.618041125541124643e+02 3.171883116883116713e+02
2.337088744588744476e+02 3.180054112554112749e+02
2.696612554112552971e+02 3.024805194805194333e+02
3.088820346320346744e+02 2.967608225108224360e+02
1.577186147186146741e+02 3.359816017316016996e+02
2.753809523809521806e+02 3.204567099567099149e+02
2.010248917748917847e+02 3.555919913419913883e+02
1.985735930735930879e+02 3.915443722943722946e+02
1.920367965367964871e+02 4.765227272727272521e+02
2.582218614718614162e+02 4.683517316017316148e+02
2.337088744588744476e+02 3.956298701298701417e+02
2.263549783549782433e+02 3.498722943722943342e+02
1.642554112554111043e+02 4.765227272727273089e+02
2.083787878787878753e+02 4.822424242424241925e+02
2.696612554112554108e+02 4.691688311688312183e+02
2.639415584415584135e+02 5.059383116883117282e+02
2.067445887445886683e+02 5.369880952380952976e+02
1.797803030303028891e+02 5.271829004329005102e+02
0.000000000000000000e+00 0.000000000000000000e+00
3.710000000000000000e+02 0.000000000000000000e+00
0.000000000000000000e+00 6.030000000000000000e+02
3.710000000000000000e+02 6.030000000000000000e+02
