5.884956709956702525e+01 2.673452380952380736e+02
3.350292207792206227e+02 2.550887445887445892e+02
6.538636363636356919e+01 3.016634199134198866e+02
3.260411255411254388e+02 2.902240259740259489e+02
6.865476190476181273e+01 3.318961038961039094e+02
3.178701298701297446e+02 3.155541125541125780e+02
1.307543290043289517e+02 4.528268398268398300e+02
2.876374458874457787e+02 4.479242424242424363e+02
1.552673160173159204e+02 4.740714285714285552e+02
2.663928571428569967e+02 4.667175324675324646e+02
1.887683982683981867e+02 4.871450216450216431e+02
2.369772727272726343e+02 4.830595238095238528e+02
1.119610389610388665e+02 1.031082251082250423e+02
2.835519480519479885e+02 9.902272727272725206e+01
1.258517316017315011e+02 7.287554112554107633e+01
2.353430735930735409e+02 6.715584415584407907e+01
1.495476190476189799e+02 4.999675324675320098e+01
1.846829004329003965e+02 4.509415584415580724e+01
9.643614718614713865e+01 2.591742424242424363e+02
1.283030303030301980e+02 2.648939393939393767e+02
1.552673160173159204e+02 2.648939393939393767e+02
2.279891774891774503e+02 2.665281385281385269e+02
2.647586580086579033e+02 2.542716450216449857e+02
2.966255411255410763e+02 2.542716450216449857e+02
1.405595238095237391e+02 2.877727272727272521e+02
2.614902597402596029e+02 2.812359307359307081e+02
1.871341991341990934e+02 3.049318181818181870e+02
1.822316017316016996e+02 3.376158008658008498e+02
1.789632034632033992e+02 3.964469696969696884e+02
2.296233766233765436e+02 3.915443722943722946e+02
2.198181818181817562e+02 3.417012987012986969e+02
2.108300865800864585e+02 3.016634199134198866e+02
1.511818181818180733e+02 4.111547619047619264e+02
1.993906926406925777e+02 4.103376623376623229e+02
2.557705627705627194e+02 4.062521645021645327e+02
2.508679653679653256e+02 4.471071428571428896e+02
2.034761904761903679e+02 4.650833333333333712e+02
1.626212121212120110e+02 4.601807359307359775e+02
0.000000000000000000e+00 0.000000000000000000e+00
3.710000000000000000e+02 0.000000000000000000e+00
0.000000000000000000e+00 6.030000000000000000e+02
3.710000000000000000e+02 6.030000000000000000e+02
