7.792316017316016996e+01 3.329713203463203399e+02 7.792316017316016996e+01 4.087965367965368273e+02
4.602418831168832867e+02 3.010449134199134278e+02 4.602418831168832867e+02 3.744756493506493484e+02
1.242164502164501982e+02 4.934015151515151842e+02 1.856747835497835695e+02 5.317132034632035129e+02
1.784913419913419830e+02 5.388966450216450994e+02 3.381233766233767710e+02 5.373003246753246458e+02
3.149767316017316716e+02 5.572543290043290654e+02 4.147467532467533147e+02 4.526953463203463457e+02
6.515259740259739374e+01 2.180362554112554108e+02 1.353906926406926345e+02 1.031011904761904816e+02
1.282072510822511049e+02 1.118809523809522943e+02 2.758668831168831730e+02 9.591774891774889511e+01
2.702797619047619264e+02 7.756006493506492916e+01 3.947927489177490088e+02 1.661558441558441359e+02
1.234182900432900283e+02 2.667240259740259489e+02 1.856747835497835695e+02 2.427792207792207364e+02
2.726742424242424931e+02 2.523571428571428328e+02 3.660589826839827765e+02 2.260178571428571104e+02
9.069372294372294618e+01 2.874761904761904816e+02 2.136103896103896318e+02 2.771001082251082153e+02
2.271791125541125780e+02 2.786964285714285552e+02 2.191975108225108784e+02 3.473382034632034561e+02
2.176011904761905384e+02 3.409529220779220964e+02 1.138403679653679319e+02 3.521271645021644758e+02
1.274090909090908781e+02 3.569161255411255524e+02 9.787716450216447583e+01 2.786964285714285552e+02
2.567110389610389802e+02 2.794945887445887251e+02 3.987835497835499154e+02 2.627332251082250991e+02
3.916001082251083290e+02 2.643295454545454390e+02 3.931964285714286689e+02 3.329713203463203399e+02
3.908019480519482158e+02 3.313750000000000000e+02 2.910319264069264591e+02 3.401547619047619264e+02
2.910319264069264591e+02 3.409529220779220964e+02 2.662889610389611335e+02 2.826872294372294050e+02
2.319680735930736546e+02 3.313750000000000000e+02 2.080232683982684421e+02 3.832554112554112749e+02
2.016379870129870255e+02 4.072002164502164305e+02 3.006098484848486123e+02 4.000167748917749009e+02
3.077932900432900851e+02 4.008149350649350708e+02 2.615000000000000000e+02 3.257878787878787534e+02
1.944545454545454959e+02 4.391266233766233995e+02 3.205638528138529182e+02 4.223652597402597166e+02
3.197656926406926914e+02 4.694567099567099717e+02 2.080232683982684421e+02 4.989886363636363740e+02
