9.947348484848481576e+01 2.962559523809523512e+02 9.947348484848481576e+01 3.864480519480519547e+02
4.315081168831170544e+02 2.946596320346320113e+02 4.315081168831170544e+02 3.664940476190475920e+02
1.473630952380952408e+02 4.423192640692640794e+02 2.024361471861471955e+02 5.109610389610389802e+02
2.056287878787879322e+02 5.125573593073593202e+02 3.405178571428572241e+02 5.093647186147186403e+02
3.341325757575758644e+02 5.301168831168831730e+02 4.123522727272728616e+02 4.255579004329004533e+02
1.146385281385281587e+02 1.454036796536796601e+02 1.729042207792207932e+02 7.756006493506492916e+01
1.561428571428571672e+02 1.031011904761904816e+02 3.125822510822511049e+02 1.031011904761904816e+02
3.389215367965368841e+02 8.394534632034628885e+01 4.267191558441559209e+02 1.829172077922077619e+02
1.593354978354978471e+02 1.980822510822510480e+02 2.255827922077922381e+02 2.108528138528138243e+02
2.958208874458874789e+02 2.204307359307359206e+02 3.524902597402598303e+02 2.012748917748917279e+02
1.321980519480519547e+02 2.292104978354977902e+02 2.503257575757576205e+02 2.499626623376623229e+02
2.495275974025974506e+02 2.539534632034631727e+02 2.279772727272727479e+02 3.281823593073593202e+02
2.399496753246753542e+02 3.138154761904762040e+02 1.441704545454545610e+02 3.130173160173160340e+02
1.529502164502164305e+02 3.209989177489177337e+02 1.306017316017316148e+02 2.411829004329003965e+02
2.998116883116883855e+02 2.371920995670995467e+02 3.947927489177490088e+02 2.196325757575757507e+02
3.939945887445888957e+02 2.228252164502164305e+02 3.923982683982685558e+02 3.225952380952380736e+02
4.003798701298702554e+02 3.122191558441558072e+02 3.046006493506494053e+02 3.178062770562770538e+02
3.109859307359307650e+02 3.217970779220779036e+02 2.902337662337663460e+02 2.627332251082250991e+02
2.495275974025974506e+02 3.050357142857142776e+02 2.319680735930736546e+02 3.505308441558441359e+02
2.303717532467533147e+02 3.816590909090909349e+02 3.109859307359307650e+02 3.784664502164501982e+02
3.117840909090909918e+02 3.680903679653679887e+02 2.902337662337663460e+02 3.122191558441558072e+02
2.008398268398268556e+02 4.127873376623376771e+02 3.157748917748918984e+02 3.968241341991342210e+02
3.189675324675325783e+02 4.455119047619047592e+02 2.048306277056277622e+02 4.622732683982684421e+02
