9.787716450216447583e+01 2.499626623376623229e+02
1.210238095238095184e+02 2.324031385281385269e+02
1.617299783549783569e+02 2.324031385281385269e+02
3.006098484848486123e+02 2.387884199134198866e+02
3.453068181818182438e+02 2.164399350649350140e+02
3.820221861471862894e+02 2.324031385281385269e+02
5.956547619047614717e+01 2.659258658008657790e+02
1.074550865800865722e+02 2.659258658008657790e+02
1.872711038961039094e+02 2.691185064935064588e+02
1.920600649350649860e+02 3.505308441558441359e+02
1.401796536796537112e+02 3.553198051948052125e+02
8.670292207792203953e+01 3.553198051948052125e+02
2.774632034632035129e+02 2.595405844155844193e+02
3.516920995670997172e+02 2.523571428571428328e+02
4.283154761904763745e+02 2.491645021645021529e+02
4.155449134199135415e+02 3.369621212121211897e+02
3.628663419913420967e+02 3.449437229437229462e+02
3.173712121212122383e+02 3.449437229437229462e+02
2.239864718614718981e+02 3.217970779220779036e+02
2.144085497835498018e+02 3.497326839826839660e+02
2.160048701298701417e+02 3.840535714285714448e+02
2.702797619047619264e+02 3.840535714285714448e+02
2.814540043290044196e+02 3.601087662337662323e+02
2.638944805194805667e+02 3.225952380952380736e+02
1.864729437229437394e+02 4.295487012987013031e+02
2.638944805194805667e+02 4.279523809523809632e+02
3.085914502164503119e+02 4.263560606060606233e+02
3.125822510822511049e+02 4.894107142857143344e+02
2.591055194805195470e+02 4.894107142857143344e+02
2.008398268398268556e+02 4.894107142857143344e+02
1.545465367965368273e+02 5.261260822510822663e+02
1.760968614718614731e+02 5.564561688311688386e+02
2.048306277056277622e+02 5.660340909090909918e+02
2.591055194805195470e+02 5.660340909090909918e+02
3.197656926406926914e+02 5.516672077922078188e+02
3.532884199134200571e+02 5.213371212121212466e+02
0.000000000000000000e+00 0.000000000000000000e+00
5.230000000000000000e+02 0.000000000000000000e+00
0.000000000000000000e+00 5.890000000000000000e+02
5.230000000000000000e+02 5.890000000000000000e+02
