2.301777081081081064e+02 3.055292040648649277e+02
2.355628853621621772e+02 3.284638807783783250e+02
2.452293408864865398e+02 3.509351147675675975e+02
2.602348896864864969e+02 3.711706645621621306e+02
2.788499767351352148e+02 3.866598893837838773e+02
3.007675706810809970e+02 3.979910022486486696e+02
3.252091407567567671e+02 4.013101905729728855e+02
3.515169970162161803e+02 3.963893036108107708e+02
3.721126017729728801e+02 3.841489920000001348e+02
3.889681945945945927e+02 3.680838530594594431e+02
4.025183712864864560e+02 3.486718283675675707e+02
4.105967880648649384e+02 3.267234543567567471e+02
4.151035945513514207e+02 3.035085978810811866e+02
3.884039949837837185e+02 2.342566099459460247e+02
3.803694619675676449e+02 2.275174253837838307e+02
3.688904636540540878e+02 2.242287452108107857e+02
3.572381320648647716e+02 2.270491430918919491e+02
3.471595770810810677e+02 2.350048440648648125e+02
3.573802354162162374e+02 2.382537147243242828e+02
3.690957931243243593e+02 2.403219939891891954e+02
3.795806130162163186e+02 2.391153702486486168e+02
2.580826369729729777e+02 2.349254654270269498e+02
2.660286816864864932e+02 2.282560048864865223e+02
2.778465262702703171e+02 2.249223322378378214e+02
2.894077625081080782e+02 2.282469324972973652e+02
2.994454718270270064e+02 2.360285596540539927e+02
2.890925955459459828e+02 2.391752005621621322e+02
2.776287057297297451e+02 2.406284486918918333e+02
2.673120077837837130e+02 2.396286467027027243e+02
3.432552352864864815e+02 2.133530076972973006e+02
3.576602490810810764e+02 2.032419353513514011e+02
3.808393805837837931e+02 2.011157150270270506e+02
3.941378942270271182e+02 2.065290214054053592e+02
4.042463763027027426e+02 2.202477747891892648e+02
3.033196056216216334e+02 2.140702679351352060e+02
2.883595025297297525e+02 2.035691765189189084e+02
2.638764037189188798e+02 2.013489671351351546e+02
2.504915786378377902e+02 2.069900035459460241e+02
2.419625686486487268e+02 2.209127414918919499e+02
2.867518716540540709e+02 3.312605985729729241e+02
3.137898772756756784e+02 3.190744727351351457e+02
3.242101699459459496e+02 3.223506669405405773e+02
3.343150159567567243e+02 3.188093600432432027e+02
3.619211639351352687e+02 3.297264404756756448e+02
3.390003801945944701e+02 3.419880533189188441e+02
3.255057127783783244e+02 3.434225748324324741e+02
3.113096582918918784e+02 3.425286529297297307e+02
3.119662879135134972e+02 2.375822665945946710e+02
3.085385311135134998e+02 2.669502914594594927e+02
2.988825518702702198e+02 2.773875097945946209e+02
2.981714243459459226e+02 2.920778830702702180e+02
3.095742808216216417e+02 2.959241566702702357e+02
3.238256932324324566e+02 2.988679938162161989e+02
3.368017612108107528e+02 2.962503995675676833e+02
3.487522795243243650e+02 2.929366506810810620e+02
3.479728579459460320e+02 2.772355799351352061e+02
3.393158576432433051e+02 2.672505385945945591e+02
3.359696102054053313e+02 2.378663461621621877e+02
0.000000000000000000e+00 0.000000000000000000e+00
6.390000000000001137e+02 0.000000000000000000e+00
0.000000000000000000e+00 4.789999999999997726e+02
6.390000000000001137e+02 4.789999999999997726e+02
