1.154366883116883287e+02 2.635313852813852691e+02
1.513538961038960906e+02 2.347976190476190368e+02
1.824821428571428896e+02 2.571461038961038525e+02
2.854448051948052125e+02 2.419810606060605664e+02
3.317380952380952976e+02 2.276141774891774503e+02
3.660589826839827765e+02 2.411829004329003965e+02
1.002716450216449857e+02 2.834853896103895750e+02
1.633262987012986969e+02 2.747056277056277054e+02
2.247846320346320681e+02 2.778982683982683852e+02
2.136103896103896318e+02 3.505308441558441359e+02
1.649226190476190368e+02 3.545216450216450426e+02
1.186293290043290085e+02 3.545216450216450426e+02
2.862429653679654393e+02 2.771001082251082153e+02
3.445086580086581307e+02 2.571461038961038525e+02
3.947927489177490088e+02 2.587424242424242493e+02
3.916001082251083290e+02 3.329713203463203399e+02
3.477012987012988106e+02 3.401547619047619264e+02
3.061969696969697452e+02 3.401547619047619264e+02
2.343625541125541645e+02 3.585124458874458924e+02
2.199956709956710483e+02 3.872462121212121247e+02
2.199956709956710483e+02 4.159799783549783569e+02
2.718760822510822663e+02 4.127873376623376771e+02
2.950227272727273657e+02 3.848517316017316148e+02
2.622981601731602268e+02 3.569161255411255524e+02
1.936563852813853259e+02 4.223652597402597166e+02
2.399496753246753542e+02 4.231634199134199434e+02
3.381233766233767710e+02 4.231634199134199434e+02
3.022061688311689522e+02 4.989886363636363740e+02
2.271791125541125780e+02 4.989886363636363740e+02
1.872711038961039094e+02 4.957959956709956941e+02
1.513538961038960906e+02 5.109610389610389802e+02
1.904637445887445892e+02 5.388966450216450994e+02
2.191975108225108784e+02 5.436856060606061192e+02
2.694816017316018133e+02 5.436856060606061192e+02
3.205638528138529182e+02 5.245297619047619264e+02
3.580773809523810769e+02 4.989886363636363740e+02
0.000000000000000000e+00 0.000000000000000000e+00
5.230000000000000000e+02 0.000000000000000000e+00
0.000000000000000000e+00 5.890000000000000000e+02
5.230000000000000000e+02 5.890000000000000000e+02
