3.482683982683880686e+00 5.387445887445778681e+00
6.329199134199134278e+02 6.253246753246685330e+00
8.852813852812744244e-01 6.313614718614718413e+02
6.311883116883117282e+02 6.304956709956710483e+02
7.014935064935056630e+01 3.447813852813852691e+02
5.472056277056277622e+02 3.551709956709956373e+02
9.179437229437220935e+01 4.807121212121211897e+02
5.238290043290043059e+02 4.954307359307359206e+02
1.506688311688310762e+02 5.750844155844156376e+02
4.943917748917748440e+02 5.716212121212121247e+02
3.039155844155843624e+02 6.201060606060606233e+02
6.235714285714274752e+01 1.949978354978354673e+02
5.446082251082251560e+02 1.655606060606060055e+02
1.073787878787877901e+02 7.811471861471852662e+01
4.969891774891774503e+02 6.339610389610379571e+01
2.952575757575757507e+02 1.924242424242379457e+00
1.013181818181817277e+02 1.993268398268397732e+02
2.762099567099566002e+02 3.092835497835497449e+02
1.082445887445886399e+02 3.335259740259739942e+02
2.753441558441558072e+02 3.361233766233766005e+02
3.636558441558440791e+02 3.196731601731601131e+02
5.238290043290043059e+02 2.183744588744588100e+02
5.333528138528138243e+02 2.997597402597402265e+02
3.766428571428571104e+02 3.595000000000000000e+02
3.021839826839826628e+02 3.569025974025973937e+02
2.614913419913419830e+02 4.746515151515151274e+02
3.697164502164501982e+02 4.824437229437229462e+02
3.290238095238095184e+02 3.612316017316016996e+02
