9.092857142857138797e+01 2.428766233766232858e+02
5.195000000000000000e+02 2.169025974025973369e+02
1.026168831168830877e+02 2.662532467532466853e+02
5.104090909090908781e+02 2.474220779220778468e+02
1.104090909090908781e+02 2.941753246753246458e+02
5.078116883116882718e+02 2.818376623376622661e+02
2.097597402597402549e+02 3.759935064935064588e+02
4.195000000000000000e+02 3.656038961038960906e+02
2.396298701298701133e+02 3.870324675324674786e+02
3.818376623376623229e+02 3.714480519480518979e+02
2.630064935064934843e+02 3.909285714285713880e+02
3.565129870129870824e+02 3.844350649350649292e+02
1.415779220779220680e+02 1.097597402597401697e+02
3.759935064935065157e+02 8.898051948051937643e+01
1.772922077922077904e+02 8.053896103896096292e+01
3.220974025974026063e+02 6.885064935064923475e+01
2.175519480519480169e+02 6.170779220779212437e+01
2.805389610389610198e+02 5.716233766233756342e+01
1.558636363636363455e+02 2.000194805194804530e+02
1.863831168831168554e+02 1.818376623376622661e+02
2.214480519480519263e+02 1.902792207792206796e+02
3.383311688311688386e+02 1.876818181818181301e+02
3.766428571428571104e+02 1.740454545454544473e+02
4.071623376623376771e+02 1.850844155844155239e+02
1.571623376623376487e+02 2.285909090909090082e+02
1.974220779220779320e+02 2.253441558441557504e+02
2.311883116883116998e+02 2.240454545454545041e+02
3.357337662337662323e+02 2.175519480519479885e+02
3.649545454545454959e+02 2.162532467532466853e+02
3.967727272727272521e+02 2.162532467532466853e+02
2.720974025974026063e+02 2.337857142857142208e+02
2.532662337662337393e+02 2.682012987012986400e+02
2.636558441558441928e+02 2.974220779220778468e+02
3.078116883116882718e+02 2.941753246753246458e+02
3.104090909090908781e+02 2.519675324675324077e+02
2.961233766233766573e+02 2.311883116883116145e+02
2.357337662337662039e+02 3.104090909090908781e+02
2.876818181818181301e+02 3.091103896103895750e+02
3.441753246753246458e+02 3.065129870129869687e+02
3.422272727272727479e+02 3.591103896103895750e+02
3.039155844155844761e+02 3.623571428571427759e+02
2.350844155844155523e+02 3.636558441558440791e+02
0.000000000000000000e+00 0.000000000000000000e+00
6.390000000000000000e+02 0.000000000000000000e+00
0.000000000000000000e+00 4.790000000000000000e+02
6.390000000000000000e+02 4.790000000000000000e+02
