2.162532467532467706e+02 2.441753246753245890e+02
4.246948051948052125e+02 2.402792207792207364e+02
2.162532467532467706e+02 2.649545454545453822e+02
4.220974025974026063e+02 2.578116883116882718e+02
2.182012987012986684e+02 2.909285714285713880e+02
4.214480519480518979e+02 2.831363636363635692e+02
2.669025974025973937e+02 3.656038961038960906e+02
3.824870129870130313e+02 3.597597402597402265e+02
2.883311688311688386e+02 3.779415584415584135e+02
3.597597402597402834e+02 3.733961038961038525e+02
3.071623376623376771e+02 3.818376623376623229e+02
3.448246753246753542e+02 3.818376623376623229e+02
2.526168831168830877e+02 1.065129870129869119e+02
3.844350649350649292e+02 1.052142857142856087e+02
2.701493506493505947e+02 9.482467532467524052e+01
3.487207792207792636e+02 9.222727272727263426e+01
2.902792207792207364e+02 8.443506493506481547e+01
3.182012987012986969e+02 8.313636363636356919e+01
2.506688311688311899e+02 2.123571428571427759e+02
2.695000000000000000e+02 2.006688311688311046e+02
2.948246753246753542e+02 2.097597402597401697e+02
3.480714285714285552e+02 2.097597402597401697e+02
3.682012987012986969e+02 2.013181818181817562e+02
3.948246753246753542e+02 2.117077922077921244e+02
2.454740259740259773e+02 2.324870129870129176e+02
2.707987012987013031e+02 2.324870129870129176e+02
2.909285714285714448e+02 2.318376623376622661e+02
3.552142857142857792e+02 2.311883116883116145e+02
3.727467532467533147e+02 2.311883116883116145e+02
3.889805194805195470e+02 2.311883116883116145e+02
3.149545454545454959e+02 2.428766233766232858e+02
3.078116883116882718e+02 2.649545454545453822e+02
3.123571428571428896e+02 2.915779220779220395e+02
3.350844155844156376e+02 2.902792207792207364e+02
3.402792207792207364e+02 2.675519480519479885e+02
3.331363636363636260e+02 2.461233766233765436e+02
2.889805194805194333e+02 3.110584415584414728e+02
3.272922077922078188e+02 3.110584415584414728e+02
3.584610389610389802e+02 3.110584415584414728e+02
3.604090909090908781e+02 3.474220779220778468e+02
3.272922077922078188e+02 3.487207792207791499e+02
2.954740259740259489e+02 3.487207792207791499e+02
0.000000000000000000e+00 0.000000000000000000e+00
6.390000000000000000e+02 0.000000000000000000e+00
0.000000000000000000e+00 4.790000000000000000e+02
6.390000000000000000e+02 4.790000000000000000e+02
