7.101515151515141611e+01 3.127467532467532010e+02
5.446082251082251560e+02 3.049545454545454390e+02
7.534415584415577882e+01 4.339588744588744476e+02
5.324870129870130313e+02 4.356904761904761472e+02
1.333528138528137958e+02 5.326601731601731444e+02
5.004523809523809632e+02 5.162099567099567139e+02
1.801060606060605380e+02 5.681580086580086117e+02
4.649545454545453822e+02 5.655606060606060055e+02
2.571623376623376771e+02 5.975952380952380736e+02
4.121406926406925777e+02 5.967294372294372806e+02
3.316212121212121247e+02 5.949978354978354673e+02
6.235714285714274752e+01 2.010584415584414728e+02
5.402792207792207364e+02 1.854740259740259489e+02
9.439177489177481561e+01 1.136125541125541076e+02
4.995865800865800566e+02 9.456493506493495715e+01
1.428766233766233142e+02 5.300649350649348435e+01
4.649545454545453822e+02 4.694588744588736517e+01
2.251277056277055806e+02 5.387445887445778681e+00
3.922272727272727479e+02 7.119047619047591979e+00
3.117077922077921812e+02 2.010606060606050960e+01
1.073787878787877901e+02 2.036558441558440791e+02
1.627900432900432008e+02 2.408852813852813597e+02
2.078116883116882434e+02 2.677251082251081584e+02
2.363831168831168554e+02 2.876385281385281019e+02
2.718809523809522943e+02 3.092835497835497449e+02
2.718809523809522943e+02 3.543051948051947875e+02
2.320541125541124927e+02 3.820108225108224929e+02
1.904956709956709631e+02 3.941320346320346175e+02
1.359502164502164021e+02 3.768160173160172803e+02
1.091103896103895465e+02 2.997597402597402265e+02
3.740454545454545041e+02 2.980281385281384701e+02
4.233961038961039094e+02 2.659935064935064588e+02
4.597597402597402834e+02 2.443484848484848158e+02
4.805389610389610198e+02 2.278982683982683284e+02
5.099761904761904816e+02 2.105822510822509912e+02
5.316212121212121247e+02 2.885043290043289517e+02
5.073787878787878753e+02 3.447813852813852691e+02
4.961233766233766573e+02 3.638290043290043059e+02
4.597597402597402834e+02 3.880714285714285552e+02
4.008852813852813597e+02 3.811450216450216431e+02
1.394134199134198582e+02 2.737857142857142208e+02
2.052142857142856371e+02 2.971623376623376203e+02
2.441753246753246174e+02 3.162099567099566571e+02
2.294567099567098865e+02 3.569025974025973937e+02
1.982878787878787250e+02 3.664264069264069121e+02
1.454740259740259205e+02 3.430497835497835126e+02
3.922272727272727479e+02 3.205389610389610198e+02
4.450411255411255524e+02 2.867727272727272521e+02
4.943917748917748440e+02 2.556038961038960906e+02
5.047813852813852691e+02 3.179415584415584135e+02
4.840021645021645327e+02 3.395865800865800566e+02
4.233961038961039094e+02 3.612316017316016996e+02
0.000000000000000000e+00 0.000000000000000000e+00
6.390000000000000000e+02 0.000000000000000000e+00
0.000000000000000000e+00 6.390000000000000000e+02
6.390000000000000000e+02 6.390000000000000000e+02
