1.013181818181817277e+02 2.807121212121211897e+02
5.073787878787878753e+02 2.885043290043289517e+02
1.047813852813851838e+02 3.620974025974025494e+02
4.917943722943722378e+02 3.898030303030302548e+02
1.454740259740259205e+02 4.582012987012986969e+02
4.658203463203462888e+02 4.564696969696969404e+02
1.827034632034631443e+02 5.395865800865800566e+02
4.251277056277056090e+02 5.291969696969697452e+02
2.233961038961038241e+02 6.157770562770563174e+02
3.913614718614718413e+02 6.157770562770563174e+02
3.082445887445886683e+02 6.227034632034632295e+02
1.004523809523808779e+02 1.759502164502164305e+02
5.047813852813852691e+02 1.586341991341990934e+02
1.091103896103895465e+02 8.850432900432895167e+01
4.831363636363636260e+02 6.685930735930730862e+01
1.627900432900432008e+02 4.434848484848475891e+01
4.545649350649350708e+02 4.001948051948045304e+01
2.407121212121211613e+02 1.231385281385269082e+01
3.853008658008657221e+02 8.850649350649291591e+00
3.151709956709955804e+02 1.058225108225099120e+01
1.584610389610388950e+02 1.265995670995670253e+02
2.138722943722943057e+02 1.395865800865800566e+02
2.407121212121211613e+02 1.880714285714285552e+02
2.814047619047618127e+02 2.936991341991341642e+02
2.502359307359306797e+02 3.698896103896103682e+02
1.922272727272726627e+02 4.287640692640692350e+02
1.402792207792207080e+02 3.707554112554112180e+02
1.117077922077921528e+02 2.954307359307359206e+02
1.194999999999999147e+02 2.322272727272726911e+02
1.316212121212120394e+02 1.698896103896103114e+02
3.272922077922077051e+02 2.902359307359307081e+02
3.446082251082250423e+02 2.175086580086580170e+02
3.627900432900432861e+02 1.846082251082250423e+02
3.861666666666666288e+02 1.317943722943722378e+02
4.580281385281384701e+02 1.162099567099566002e+02
4.718809523809524080e+02 1.742186147186146172e+02
4.917943722943722378e+02 2.763831168831168270e+02
4.796731601731601131e+02 3.491103896103895750e+02
4.320541125541125211e+02 4.183744588744588668e+02
3.515346320346319544e+02 3.690238095238095184e+02
1.636558441558441075e+02 2.781147186147185835e+02
2.095432900432899999e+02 2.971623376623376203e+02
2.467727272727272236e+02 3.214047619047618696e+02
2.112748917748916995e+02 3.369891774891774503e+02
1.792402597402596882e+02 3.352575757575757507e+02
1.506688311688310762e+02 3.092835497835497449e+02
3.610584415584414728e+02 3.162099567099566571e+02
3.844350649350649292e+02 3.032229437229436826e+02
4.311883116883116145e+02 2.867727272727272521e+02
4.545649350649350708e+02 3.196731601731601131e+02
4.268593073593073086e+02 3.421839826839826628e+02
3.809718614718614162e+02 3.439155844155843624e+02
0.000000000000000000e+00 0.000000000000000000e+00
6.390000000000000000e+02 0.000000000000000000e+00
0.000000000000000000e+00 6.390000000000000000e+02
6.390000000000000000e+02 6.390000000000000000e+02
