3.915584415584312694e+00 6.253246753246656908e+00
4.770757575757575637e+02 1.612316017316016712e+02
1.573787878787878185e+02 4.757337662337662323e+02
6.294567099567100286e+02 6.287640692640693487e+02
7.556060606060597706e+01 3.317943722943722946e+02
5.394134199134199434e+02 3.385043290043289517e+02
9.763852813852804502e+01 4.705389610389610198e+02
5.119242424242423795e+02 4.820108225108224929e+02
1.591103896103895465e+02 5.698896103896104250e+02
4.759935064935065157e+02 5.692402597402597166e+02
3.043484848484847589e+02 6.227034632034632295e+02
7.209740259740249257e+01 1.904523809523809064e+02
5.331363636363636260e+02 1.651277056277055806e+02
1.101926406926406230e+02 7.876406926406917819e+01
4.928766233766233427e+02 6.642640692640682687e+01
2.941753246753246458e+02 3.872294372294334153e+00
1.019675324675323793e+02 2.207554112554112180e+02
2.623571428571427759e+02 2.668593073593073086e+02
1.532662337662336540e+02 3.229199134199134278e+02
2.554307359307358922e+02 3.603658008658008498e+02
3.560800865800865154e+02 3.079848484848484418e+02
5.071623376623376203e+02 1.930497835497834842e+02
5.236125541125541076e+02 2.943484848484848158e+02
3.881147186147185835e+02 3.774653679653679319e+02
2.956904761904761472e+02 3.636125541125541076e+02
2.573787878787878753e+02 5.006255411255411332e+02
3.614913419913419830e+02 4.538722943722943342e+02
3.337857142857142776e+02 4.190238095238095184e+02
