-2.530519480519487274e+01 2.584610389610388665e+02
5.649545454545454959e+02 2.272922077922077051e+02
3.915584415584390854e+00 2.941753246753245321e+02
5.714480519480518979e+02 2.772922077922077051e+02
1.625324675324671375e+01 3.363831168831168839e+02
5.461233766233765436e+02 3.143051948051946738e+02
5.066883116883113303e+01 3.435259740259739374e+02
5.311883116883116145e+02 3.214480519480519547e+02
7.014935064935067999e+01 3.772922077922078188e+02
5.058636363636362603e+02 3.487207792207791499e+02
9.677272727272719521e+01 3.766428571428571104e+02
4.714480519480518979e+02 3.571623376623376771e+02
1.337857142857142776e+02 3.682012987012986969e+02
4.298896103896103114e+02 3.604090909090908212e+02
1.870324675324674786e+02 3.779415584415582998e+02
3.987207792207792636e+02 3.733961038961039094e+02
2.961233766233766573e+02 3.733961038961039094e+02
-4.153896103896110503e+01 2.143051948051947306e+02
5.493701298701298583e+02 1.675519480519480453e+02
-3.374675324675334309e+01 1.318376623376622661e+02
4.701493506493507084e+02 9.417532467532453211e+01
-6.474025974026034191e+00 9.807142857142844150e+01
4.201493506493505947e+02 7.924025974025971664e+01
2.599350649350643039e+01 6.755194805194798846e+01
3.746948051948053262e+02 4.937012987012980147e+01
7.339610389610382413e+01 6.300649350649342750e+01
3.350844155844156376e+02 4.937012987012980147e+01
1.175519480519480737e+02 5.326623376623359718e+01
2.805389610389610198e+02 5.066883116883110461e+01
1.487207792207792068e+02 4.742207792207784678e+01
2.435259740259739374e+02 5.131818181818175617e+01
2.233961038961039094e+02 5.391558441558436243e+01
5.911038961038954653e+01 1.785909090909090082e+02
1.117077922077921244e+02 1.707987012987012463e+02
1.493701298701298015e+02 1.623571428571428328e+02
3.253441558441558072e+02 1.597597402597401697e+02
3.636558441558441928e+02 1.415779220779219258e+02
3.954740259740259489e+02 1.591103896103895750e+02
3.248701298701291762e+01 2.298896103896103114e+02
1.071623376623376203e+02 2.298896103896103114e+02
1.662532467532467422e+02 2.272922077922077051e+02
3.337857142857142208e+02 2.026168831168830593e+02
3.889805194805194333e+02 2.026168831168830593e+02
4.130064935064934843e+02 2.026168831168830593e+02
2.272922077922078188e+02 2.571623376623375634e+02
2.117077922077920675e+02 2.630064935064934275e+02
2.104090909090908781e+02 2.805389610389609629e+02
2.714480519480518979e+02 2.805389610389609629e+02
2.759935064935065157e+02 2.500194805194805099e+02
2.454740259740259489e+02 2.357337662337661754e+02
1.915779220779220964e+02 3.058636363636362603e+02
2.422272727272728616e+02 3.058636363636362603e+02
3.169025974025975074e+02 3.065129870129868550e+02
3.285909090909090082e+02 3.357337662337662323e+02
2.532662337662337677e+02 3.695000000000000000e+02
1.798896103896103682e+02 3.688506493506492916e+02
3.389805194805194333e+02 4.448246753246752405e+02
0.000000000000000000e+00 0.000000000000000000e+00
6.390000000000000000e+02 0.000000000000000000e+00
0.000000000000000000e+00 4.790000000000000000e+02
6.390000000000000000e+02 4.790000000000000000e+02
