2.253441558441558357e+02 2.649545454545453822e+02
4.220974025974026063e+02 2.623571428571427759e+02
2.285909090909090935e+02 2.954740259740259489e+02
4.143051948051947875e+02 2.863831168831168270e+02
2.318376623376623513e+02 3.169025974025973369e+02
4.097597402597402834e+02 3.130064935064934843e+02
2.415779220779220680e+02 3.435259740259739374e+02
3.974220779220779605e+02 3.422272727272726911e+02
2.532662337662337393e+02 3.591103896103895750e+02
3.876818181818182438e+02 3.552142857142856656e+02
2.707987012987013031e+02 3.688506493506492916e+02
3.701493506493507084e+02 3.636558441558440791e+02
2.844350649350649292e+02 3.824870129870129176e+02
3.584610389610389802e+02 3.772922077922077619e+02
2.987207792207792636e+02 3.844350649350649292e+02
3.428766233766233427e+02 3.824870129870129176e+02
3.207987012987013031e+02 3.824870129870129176e+02
2.233961038961038810e+02 2.194999999999999432e+02
4.169025974025973937e+02 2.078116883116882150e+02
2.169025974025974222e+02 1.993701298701298015e+02
4.195000000000000000e+02 1.850844155844155239e+02
2.130064935064935128e+02 1.772922077922077051e+02
4.084610389610389802e+02 1.584610389610388665e+02
2.169025974025974222e+02 1.571623376623375634e+02
3.980714285714285552e+02 1.376818181818180733e+02
2.279415584415584419e+02 1.305389610389609629e+02
3.896298701298701417e+02 1.143051948051947306e+02
2.435259740259740227e+02 1.169025974025973369e+02
3.753441558441558072e+02 1.091103896103895181e+02
2.643051948051947875e+02 1.149545454545453822e+02
3.500194805194805667e+02 1.110584415584414728e+02
3.013181818181818699e+02 1.084610389610388665e+02
2.448246753246753258e+02 2.123571428571427759e+02
2.688506493506494053e+02 2.006688311688311046e+02
2.870324675324675354e+02 2.091103896103895181e+02
3.513181818181818699e+02 2.065129870129869687e+02
3.753441558441558072e+02 2.052142857142856656e+02
3.980714285714285552e+02 2.123571428571427759e+02
2.584610389610389802e+02 2.298896103896103114e+02
2.772922077922078188e+02 2.298896103896103114e+02
2.935259740259740511e+02 2.298896103896103114e+02
3.493701298701298583e+02 2.337857142857142208e+02
3.617077922077921812e+02 2.337857142857142208e+02
3.831363636363636260e+02 2.337857142857142208e+02
3.143051948051947875e+02 2.350844155844155239e+02
3.039155844155844761e+02 2.604090909090908212e+02
3.104090909090908781e+02 2.870324675324674786e+02
3.376818181818182438e+02 2.870324675324674786e+02
3.331363636363636260e+02 2.643051948051947306e+02
3.285909090909091219e+02 2.383311688311687817e+02
2.915779220779220395e+02 3.136558441558440791e+02
3.227467532467532010e+02 3.136558441558440791e+02
3.558636363636363740e+02 3.104090909090908781e+02
3.545649350649350708e+02 3.461233766233765436e+02
3.285909090909091219e+02 3.461233766233765436e+02
2.980714285714285552e+02 3.467727272727272521e+02
3.376818181818182438e+02 4.331363636363636260e+02
0.000000000000000000e+00 0.000000000000000000e+00
6.390000000000000000e+02 0.000000000000000000e+00
0.000000000000000000e+00 4.790000000000000000e+02
6.390000000000000000e+02 4.790000000000000000e+02
