2.880064935064935412e+02 2.665779220779220395e+02
3.863831168831168839e+02 2.711233766233765436e+02
2.847597402597402834e+02 2.957987012987013031e+02
3.750194805194805099e+02 2.886558441558440791e+02
2.857337662337662891e+02 3.120324675324674217e+02
3.756688311688312183e+02 3.126818181818181870e+02
2.893051948051947875e+02 3.435259740259739374e+02
3.639805194805195470e+02 3.474220779220778468e+02
2.990454545454545041e+02 3.545649350649350140e+02
3.581363636363637397e+02 3.568376623376622092e+02
3.143051948051948443e+02 3.669025974025973369e+02
3.448246753246754110e+02 3.652792207792206796e+02
3.220974025974026063e+02 3.860584415584415297e+02
3.406038961038962043e+02 3.815129870129869687e+02
3.266428571428572241e+02 3.860584415584415865e+02
3.289155844155844193e+02 3.847597402597402265e+02
3.269675324675324646e+02 3.847597402597402265e+02
2.896298701298701417e+02 2.207987012987012179e+02
3.837857142857142776e+02 2.178766233766232858e+02
2.795649350649351277e+02 2.162532467532466569e+02
4.068376623376623229e+02 2.078116883116882718e+02
2.678766233766233995e+02 1.970974025974025210e+02
4.055389610389611335e+02 1.782662337662336540e+02
2.646298701298701985e+02 1.795649350649349572e+02
4.039155844155844193e+02 1.597597402597401413e+02
2.665779220779220964e+02 1.474220779220778468e+02
4.032662337662337677e+02 1.305389610389609629e+02
2.750194805194805099e+02 1.328116883116882718e+02
3.990454545454544473e+02 1.237207792207791215e+02
2.932012987012986969e+02 1.318376623376622661e+02
3.766428571428572241e+02 1.259935064935064020e+02
3.207987012987013600e+02 1.220974025974024926e+02
2.912532467532467422e+02 2.207987012987012179e+02
3.081363636363637397e+02 2.081363636363635976e+02
3.214480519480519547e+02 2.207987012987011610e+02
3.578116883116883287e+02 2.182012987012986684e+02
3.782662337662336540e+02 2.211233766233766005e+02
3.987207792207792636e+02 2.256688311688310762e+02
3.149545454545454959e+02 2.298896103896103114e+02
3.198246753246753542e+02 2.298896103896103114e+02
3.253441558441558641e+02 2.305389610389609629e+02
3.532662337662337677e+02 2.415779220779220111e+02
3.548896103896103682e+02 2.415779220779220111e+02
3.756688311688312183e+02 2.415779220779220111e+02
3.360584415584415297e+02 2.295649350649350140e+02
3.269675324675325783e+02 2.597597402597401697e+02
3.354090909090908781e+02 2.886558441558440791e+02
3.542402597402598303e+02 2.886558441558440791e+02
3.474220779220779036e+02 2.678766233766232290e+02
3.493701298701299152e+02 2.389805194805194617e+02
3.165779220779220395e+02 3.156038961038960338e+02
3.428766233766232858e+02 3.156038961038960338e+02
3.656038961038960338e+02 3.113831168831168839e+02
3.610584415584415865e+02 3.487207792207791499e+02
3.474220779220779605e+02 3.402792207792206796e+02
3.276168831168831161e+02 3.412532467532467422e+02
3.373571428571429465e+02 4.302142857142857792e+02
0.000000000000000000e+00 0.000000000000000000e+00
6.390000000000000000e+02 0.000000000000000000e+00
0.000000000000000000e+00 4.790000000000000000e+02
6.390000000000000000e+02 4.790000000000000000e+02
