1.000194805194804815e+02 2.617077922077921244e+02
4.935259740259740511e+02 2.448246753246752405e+02
1.162532467532467422e+02 2.948246753246752405e+02
4.928766233766233427e+02 2.818376623376622661e+02
1.240454545454545325e+02 3.266428571428571104e+02
4.779415584415584135e+02 3.136558441558440791e+02
1.461233766233766005e+02 3.435259740259739374e+02
4.643051948051947875e+02 3.318376623376623229e+02
1.617077922077922096e+02 3.682012987012986969e+02
4.467727272727272521e+02 3.519675324675324077e+02
1.837857142857142492e+02 3.727467532467532010e+02
4.207987012987013031e+02 3.604090909090908781e+02
2.091103896103896034e+02 3.753441558441558072e+02
3.941753246753246458e+02 3.688506493506492916e+02
2.428766233766233711e+02 3.811883116883116145e+02
3.707987012987013031e+02 3.779415584415584135e+02
3.084610389610389802e+02 3.779415584415584135e+02
9.092857142857138797e+01 2.169025974025973369e+02
4.831363636363636260e+02 1.876818181818181301e+02
9.157792207792203953e+01 1.656038961038960338e+02
4.448246753246753542e+02 1.396298701298700280e+02
1.032662337662337393e+02 1.376818181818180733e+02
4.143051948051947875e+02 1.188506493506492916e+02
1.214480519480519263e+02 1.123571428571427759e+02
3.863831168831169407e+02 9.352597402597393739e+01
1.506688311688311330e+02 9.677272727272719521e+01
3.623571428571428896e+02 8.183766233766226605e+01
1.805389610389610482e+02 8.508441558441546704e+01
3.279415584415584135e+02 7.988961038961031136e+01
2.065129870129869971e+02 8.118831168831161449e+01
2.967727272727272521e+02 8.118831168831161449e+01
2.623571428571428896e+02 8.118831168831161449e+01
1.519675324675324362e+02 1.954740259740258921e+02
1.902792207792207648e+02 1.857337662337661754e+02
2.182012987012986684e+02 1.857337662337661754e+02
3.383311688311688386e+02 1.831363636363635692e+02
3.695000000000000000e+02 1.733961038961037957e+02
3.967727272727272521e+02 1.857337662337661754e+02
1.454740259740259489e+02 2.298896103896103114e+02
1.922272727272727195e+02 2.298896103896103114e+02
2.298896103896103966e+02 2.285909090909090082e+02
3.415779220779220395e+02 2.182012987012986400e+02
3.753441558441558072e+02 2.182012987012986400e+02
3.980714285714285552e+02 2.182012987012986400e+02
2.707987012987013031e+02 2.461233766233765436e+02
2.578116883116882718e+02 2.617077922077921244e+02
2.604090909090908781e+02 2.837857142857142208e+02
3.045649350649350708e+02 2.837857142857142208e+02
3.045649350649350708e+02 2.571623376623376203e+02
2.870324675324675354e+02 2.370324675324674786e+02
2.415779220779220680e+02 3.097597402597401697e+02
2.824870129870130313e+02 3.097597402597401697e+02
3.363831168831169407e+02 3.084610389610388665e+02
3.415779220779220395e+02 3.409285714285713880e+02
2.909285714285714448e+02 3.578116883116882718e+02
2.389805194805194617e+02 3.578116883116882718e+02
3.383311688311688386e+02 4.389805194805194333e+02
0.000000000000000000e+00 0.000000000000000000e+00
6.390000000000000000e+02 0.000000000000000000e+00
0.000000000000000000e+00 4.790000000000000000e+02
6.390000000000000000e+02 4.790000000000000000e+02
