1.902792207792207648e+02 2.694999999999999432e+02
3.896298701298701417e+02 2.636558441558440791e+02
1.961233766233766289e+02 2.993701298701298015e+02
3.811883116883117282e+02 2.948246753246752405e+02
2.006688311688311330e+02 3.253441558441558072e+02
3.746948051948052125e+02 3.240454545454545041e+02
2.065129870129869971e+02 3.467727272727272521e+02
3.707987012987013031e+02 3.441753246753246458e+02
2.136558441558441643e+02 3.688506493506492916e+02
3.688506493506494053e+02 3.669025974025973937e+02
2.311883116883116998e+02 3.896298701298700848e+02
3.597597402597402834e+02 3.792402597402597166e+02
2.461233766233766289e+02 3.993701298701298583e+02
3.487207792207792636e+02 3.987207792207791499e+02
2.597597402597402834e+02 4.097597402597402265e+02
3.331363636363636260e+02 4.058636363636363171e+02
2.980714285714285552e+02 4.130064935064934843e+02
1.792402597402597451e+02 2.305389610389609629e+02
3.909285714285714448e+02 2.162532467532466853e+02
1.753441558441558357e+02 2.058636363636363171e+02
3.948246753246753542e+02 1.850844155844155239e+02
1.727467532467532294e+02 1.798896103896103114e+02
3.909285714285714448e+02 1.649545454545453822e+02
1.915779220779220680e+02 1.500194805194804530e+02
3.701493506493507084e+02 1.402792207792206796e+02
2.065129870129869971e+02 1.298896103896103114e+02
3.539155844155844761e+02 1.240454545454544473e+02
2.253441558441558357e+02 1.175519480519479885e+02
3.376818181818182438e+02 1.117077922077921244e+02
2.454740259740259773e+02 1.117077922077921244e+02
3.201493506493507084e+02 1.065129870129869119e+02
2.831363636363636260e+02 1.084610389610388665e+02
2.182012987012986684e+02 2.409285714285713880e+02
2.331363636363636545e+02 2.318376623376622661e+02
2.493701298701298867e+02 2.409285714285713880e+02
3.240454545454545041e+02 2.389805194805194333e+02
3.467727272727272521e+02 2.318376623376622661e+02
3.669025974025973937e+02 2.389805194805194333e+02
2.233961038961038810e+02 2.578116883116882718e+02
2.461233766233766289e+02 2.578116883116882718e+02
2.617077922077921812e+02 2.591103896103895750e+02
3.201493506493507084e+02 2.610584415584414728e+02
3.370324675324675354e+02 2.610584415584414728e+02
3.539155844155844761e+02 2.610584415584414728e+02
2.844350649350649292e+02 2.785909090909090082e+02
2.707987012987013031e+02 3.026168831168830593e+02
2.785909090909091219e+02 3.285909090909090082e+02
3.143051948051947875e+02 3.285909090909090082e+02
3.143051948051947875e+02 2.967727272727272521e+02
3.065129870129869687e+02 2.785909090909090082e+02
2.519675324675324930e+02 3.480714285714285552e+02
2.850844155844156376e+02 3.480714285714285552e+02
3.292402597402597166e+02 3.480714285714285552e+02
3.292402597402597166e+02 3.870324675324674786e+02
3.123571428571428896e+02 3.870324675324674786e+02
2.649545454545454959e+02 3.902792207792207364e+02
0.000000000000000000e+00 0.000000000000000000e+00
6.390000000000000000e+02 0.000000000000000000e+00
0.000000000000000000e+00 4.790000000000000000e+02
6.390000000000000000e+02 4.790000000000000000e+02
