2.246948051948051841e+02 2.604090909090908212e+02
4.253441558441558072e+02 2.513181818181817562e+02
2.305389610389610482e+02 2.876818181818181301e+02
4.201493506493505947e+02 2.837857142857142208e+02
2.331363636363636545e+02 3.097597402597401697e+02
4.104090909090908781e+02 3.032662337662337109e+02
2.337857142857143060e+02 3.279415584415584135e+02
4.084610389610389802e+02 3.246948051948051557e+02
2.448246753246753258e+02 3.461233766233765436e+02
4.052142857142857792e+02 3.448246753246752405e+02
2.493701298701298867e+02 3.578116883116882718e+02
3.883311688311688386e+02 3.539155844155843624e+02
2.630064935064934843e+02 3.714480519480518979e+02
3.779415584415584135e+02 3.669025974025973937e+02
2.746948051948052125e+02 3.792402597402597166e+02
3.649545454545454959e+02 3.766428571428571104e+02
3.175519480519481021e+02 3.792402597402597166e+02
2.214480519480519263e+02 2.188506493506492916e+02
4.233961038961039094e+02 2.052142857142856656e+02
2.253441558441558357e+02 1.889805194805194333e+02
4.136558441558441928e+02 1.753441558441557504e+02
2.201493506493506231e+02 1.545649350649349572e+02
4.136558441558441928e+02 1.519675324675324077e+02
2.298896103896103966e+02 1.240454545454544473e+02
4.000194805194805667e+02 1.194999999999998863e+02
2.513181818181818414e+02 1.058636363636362603e+02
3.857337662337662323e+02 1.071623376623375634e+02
2.727467532467532010e+02 1.026168831168830025e+02
3.630064935064934843e+02 1.032662337662336540e+02
2.863831168831169407e+02 1.019675324675323509e+02
3.454740259740259489e+02 1.019675324675323509e+02
3.091103896103895750e+02 1.019675324675323509e+02
2.480714285714285836e+02 2.117077922077921244e+02
2.630064935064934843e+02 2.052142857142856656e+02
2.863831168831169407e+02 2.091103896103895181e+02
3.578116883116882718e+02 2.078116883116882150e+02
3.785909090909091219e+02 2.019675324675324077e+02
3.961233766233766573e+02 2.104090909090908212e+02
2.565129870129869687e+02 2.298896103896103114e+02
2.785909090909091219e+02 2.311883116883116145e+02
2.948246753246753542e+02 2.311883116883116145e+02
3.474220779220779605e+02 2.331363636363635692e+02
3.669025974025973937e+02 2.331363636363635692e+02
3.896298701298701417e+02 2.331363636363635692e+02
3.110584415584415865e+02 2.383311688311687817e+02
3.071623376623376771e+02 2.565129870129869687e+02
3.071623376623376771e+02 2.928766233766233427e+02
3.350844155844156376e+02 2.928766233766233427e+02
3.350844155844156376e+02 2.617077922077921244e+02
3.350844155844156376e+02 2.396298701298700848e+02
2.928766233766233427e+02 3.110584415584414728e+02
3.220974025974026063e+02 3.097597402597401697e+02
3.467727272727272521e+02 3.097597402597401697e+02
3.493701298701298583e+02 3.422272727272726911e+02
3.195000000000000000e+02 3.480714285714285552e+02
2.915779220779220395e+02 3.480714285714285552e+02
0.000000000000000000e+00 0.000000000000000000e+00
6.390000000000000000e+02 0.000000000000000000e+00
0.000000000000000000e+00 4.790000000000000000e+02
6.390000000000000000e+02 4.790000000000000000e+02
