2.288870976000000041e+02 3.075742991999999845e+02
2.321129023999999959e+02 3.275675855999999726e+02
2.398548479999999756e+02 3.501406271999999831e+02
2.553387071999999876e+02 3.746485247999999615e+02
2.701774207999999931e+02 3.920620271999999886e+02
2.940483839999999987e+02 4.068957407999999987e+02
3.140483839999999987e+02 4.101204576000000088e+02
3.437258176000000276e+02 4.030260672000000000e+02
3.611451712000000498e+02 3.888373104000000353e+02
3.727580671999999709e+02 3.707788464000000204e+02
3.824354944000000387e+02 3.494956991999999900e+02
3.888870975999999473e+02 3.314372640000000274e+02
3.934032447999999818e+02 3.120889392000000271e+02
3.740483840000000555e+02 2.437248240000000123e+02
3.643709567999999877e+02 2.366304432000000020e+02
3.540483840000000555e+02 2.340506592000000126e+02
3.398548480000000040e+02 2.353405536000000211e+02
3.346935680000000275e+02 2.430798911999999916e+02
3.463064575999999875e+02 2.456596463999999855e+02
3.559838847999999416e+02 2.475944976000000111e+02
3.663064575999999875e+02 2.475944976000000111e+02
2.514677440000000104e+02 2.424349295999999754e+02
2.630806527999999958e+02 2.346956064000000026e+02
2.753387071999999876e+02 2.308259423999999740e+02
2.869516160000000013e+02 2.359855008000000112e+02
2.972741887999999904e+02 2.424349295999999754e+02
2.856612992000000304e+02 2.450147136000000216e+02
2.740483839999999987e+02 2.456596463999999855e+02
2.624354751999999849e+02 2.443697856000000286e+02
3.250161343999999985e+02 2.282461727999999823e+02
3.334032447999999818e+02 2.153472816000000023e+02
3.669515968000000612e+02 2.101877279999999928e+02
3.875967808000000332e+02 2.192169408000000033e+02
3.914677439999999820e+02 2.411450687999999900e+02
3.050161343999999985e+02 2.269562832000000014e+02
2.927580671999999709e+02 2.134124544000000014e+02
2.592096703999999932e+02 2.082529008000000204e+02
2.404999936000000105e+02 2.153472816000000023e+02
2.366290304000000049e+02 2.366304432000000020e+02
2.779193472000000042e+02 3.333720864000000006e+02
3.050161343999999985e+02 3.295024128000000019e+02
3.134032255999999848e+02 3.333720864000000006e+02
3.217903168000000278e+02 3.288574800000000096e+02
3.488870975999999473e+02 3.295024128000000019e+02
3.256612799999999766e+02 3.475608432000000221e+02
3.140483839999999987e+02 3.482058048000000099e+02
3.024354751999999849e+02 3.475608432000000221e+02
3.037257984000000306e+02 2.443697856000000286e+02
3.043709760000000415e+02 2.688776495999999838e+02
2.901774207999999931e+02 2.843563247999999817e+02
2.888870976000000041e+02 2.998349759999999833e+02
2.998548480000000040e+02 3.037046544000000381e+02
3.140483839999999987e+02 3.030596927999999934e+02
3.288870975999999473e+02 3.037046544000000381e+02
3.385645311999999763e+02 2.953203695999999923e+02
3.334032447999999818e+02 2.811316128000000276e+02
3.256612799999999766e+02 2.695226112000000285e+02
3.243709567999999877e+02 2.456596463999999855e+02
0.000000000000000000e+00 0.000000000000000000e+00
6.390000000000000000e+02 0.000000000000000000e+00
0.000000000000000000e+00 4.790000000000000000e+02
6.390000000000000000e+02 4.790000000000000000e+02
