2.398548479999999756e+02 2.798417183999999907e+02
2.450161343999999985e+02 3.004799376000000279e+02
2.546935488000000021e+02 3.301473696000000473e+02
2.682419391999999903e+02 3.533653439999999932e+02
2.817903168000000278e+02 3.694889567999999826e+02
3.030806527999999958e+02 3.804530255999999895e+02
3.314677439999999820e+02 3.862575263999999606e+02
3.559838847999999416e+02 3.823878480000000195e+02
3.759838847999999416e+02 3.701339135999999712e+02
3.934032447999999818e+02 3.540103055999999810e+02
4.050161343999999985e+02 3.359518704000000184e+02
4.134032447999999818e+02 3.159585839999999735e+02
4.185645311999999763e+02 2.914507199999999898e+02
3.959838847999999416e+02 2.346956064000000026e+02
3.882419199999999364e+02 2.308259423999999740e+02
3.772742079999999874e+02 2.269562832000000014e+02
3.656612799999999766e+02 2.282461727999999823e+02
3.572742079999999874e+02 2.334057263999999918e+02
3.669515968000000612e+02 2.372753904000000205e+02
3.772742079999999874e+02 2.405001072000000022e+02
3.863064575999999875e+02 2.411450687999999900e+02
2.759838656000000015e+02 2.295360527999999931e+02
2.882419391999999903e+02 2.243764991999999836e+02
3.011451519999999960e+02 2.237315519999999935e+02
3.101774207999999931e+02 2.282461727999999823e+02
3.146935488000000305e+02 2.334057263999999918e+02
3.063064575999999875e+02 2.359855008000000112e+02
2.966290303999999765e+02 2.359855008000000112e+02
2.850161343999999985e+02 2.340506592000000126e+02
3.559838847999999416e+02 2.179270655999999917e+02
3.643709567999999877e+02 2.101877279999999928e+02
3.901774207999999931e+02 2.108326704000000120e+02
4.004999936000000389e+02 2.140573871999999938e+02
4.069515968000000612e+02 2.224416719999999827e+02
3.230806335999999988e+02 2.198618879999999933e+02
3.114677440000000388e+02 2.088978336000000127e+02
2.888870976000000041e+02 2.063180640000000210e+02
2.740483839999999987e+02 2.095427808000000027e+02
2.669516160000000013e+02 2.192169408000000033e+02
2.985645119999999793e+02 3.178934112000000027e+02
3.230806335999999988e+02 3.069293711999999914e+02
3.353387072000000444e+02 3.101540832000000023e+02
3.430806335999999988e+02 3.069293711999999914e+02
3.688870975999999473e+02 3.153136560000000372e+02
3.437258176000000276e+02 3.153136560000000372e+02
3.353387072000000444e+02 3.159585839999999735e+02
3.250161343999999985e+02 3.140237616000000003e+02
3.282419199999999364e+02 2.353405536000000211e+02
3.243709567999999877e+02 2.579136096000000293e+02
3.101774207999999931e+02 2.675877552000000037e+02
3.108225792000000069e+02 2.830664352000000008e+02
3.217903168000000278e+02 2.882259743999999841e+02
3.379193472000000042e+02 2.920956528000000390e+02
3.475967808000000332e+02 2.895158688000000211e+02
3.604999936000000389e+02 2.856462191999999618e+02
3.579193472000000042e+02 2.675877552000000037e+02
3.514677439999999820e+02 2.579136096000000293e+02
3.475967808000000332e+02 2.346956064000000026e+02
0.000000000000000000e+00 0.000000000000000000e+00
6.390000000000000000e+02 0.000000000000000000e+00
0.000000000000000000e+00 4.790000000000000000e+02
6.390000000000000000e+02 4.790000000000000000e+02
