2.327580671999999709e+02 2.759720399999999927e+02
2.366290304000000049e+02 2.927405855999999744e+02
2.437257984000000022e+02 3.166035455999999613e+02
2.592096703999999932e+02 3.430462656000000266e+02
2.792096703999999932e+02 3.630395232000000192e+02
2.985645119999999793e+02 3.752934527999999546e+02
3.230806335999999988e+02 3.785181695999999647e+02
3.469515968000000612e+02 3.740035632000000305e+02
3.643709567999999877e+02 3.630395232000000192e+02
3.811451712000000498e+02 3.436911983999999620e+02
3.959838847999999416e+02 3.178934112000000027e+02
4.037258176000000276e+02 2.933855424000000198e+02
4.043709567999999877e+02 2.772619343999999728e+02
3.753387072000000444e+02 2.153472816000000023e+02
3.669515968000000612e+02 2.101877279999999928e+02
3.585645311999999763e+02 2.095427808000000027e+02
3.488870975999999473e+02 2.140573871999999938e+02
3.411451712000000498e+02 2.205068351999999834e+02
3.488870975999999473e+02 2.224416719999999827e+02
3.598548480000000040e+02 2.237315519999999935e+02
3.701774207999999931e+02 2.217967247999999927e+02
2.688870976000000041e+02 2.134124544000000014e+02
2.772741887999999904e+02 2.095427808000000027e+02
2.875967808000000332e+02 2.082529008000000204e+02
2.953387071999999876e+02 2.121225647999999921e+02
3.043709760000000415e+02 2.192169408000000033e+02
2.940483839999999987e+02 2.192169408000000033e+02
2.856612992000000304e+02 2.205068351999999834e+02
2.734032255999999848e+02 2.179270655999999917e+02
3.385645311999999763e+02 1.985787264000000221e+02
3.482419199999999364e+02 1.901944560000000024e+02
3.746935680000000275e+02 1.882596144000000038e+02
3.850161343999999985e+02 1.921292928000000018e+02
3.934032447999999818e+02 2.056731168000000025e+02
3.088870976000000041e+02 1.998686160000000029e+02
2.992096703999999932e+02 1.869697391999999923e+02
2.688870976000000041e+02 1.850348975999999936e+02
2.553387071999999876e+02 1.914843455999999833e+02
2.495322623999999792e+02 2.030933472000000108e+02
2.940483839999999987e+02 3.049945439999999621e+02
3.140483839999999987e+02 2.946754367999999999e+02
3.230806335999999988e+02 2.972552208000000178e+02
3.340483840000000555e+02 2.953203695999999923e+02
3.572742079999999874e+02 3.037046544000000381e+02
3.379193472000000042e+02 3.107990447999999901e+02
3.263064575999999875e+02 3.133787999999999556e+02
3.134032255999999848e+02 3.127338672000000201e+02
3.172741887999999904e+02 2.140573871999999938e+02
3.134032255999999848e+02 2.527540416000000221e+02
3.037257984000000306e+02 2.630731488000000127e+02
3.037257984000000306e+02 2.740372175999999627e+02
3.159838656000000015e+02 2.746821504000000118e+02
3.243709567999999877e+02 2.785518287999999529e+02
3.340483840000000555e+02 2.753271119999999996e+02
3.450161343999999985e+02 2.746821504000000118e+02
3.463064575999999875e+02 2.637181104000000005e+02
3.379193472000000042e+02 2.559787824000000001e+02
3.327580671999999709e+02 2.153472816000000023e+02
0.000000000000000000e+00 0.000000000000000000e+00
6.390000000000000000e+02 0.000000000000000000e+00
0.000000000000000000e+00 4.790000000000000000e+02
6.390000000000000000e+02 4.790000000000000000e+02
