2.566290303999999765e+02 2.914507199999999898e+02
2.617903168000000278e+02 3.095091552000000092e+02
2.688870976000000041e+02 3.333720864000000006e+02
2.811451519999999960e+02 3.482058048000000099e+02
2.953387071999999876e+02 3.591698448000000212e+02
3.159838656000000015e+02 3.701339135999999712e+02
3.359838847999999416e+02 3.720687408000000005e+02
3.559838847999999416e+02 3.675541296000000102e+02
3.740483840000000555e+02 3.585249119999999721e+02
3.882419199999999364e+02 3.462709824000000367e+02
3.985645311999999763e+02 3.288574800000000096e+02
4.037258176000000276e+02 3.095091552000000092e+02
4.082419199999999364e+02 2.882259743999999841e+02
3.863064575999999875e+02 2.301809999999999832e+02
3.759838847999999416e+02 2.282461727999999823e+02
3.682419199999999364e+02 2.256663887999999929e+02
3.598548480000000040e+02 2.263113359999999830e+02
3.508225600000000099e+02 2.327607840000000010e+02
3.585645311999999763e+02 2.340506592000000126e+02
3.682419199999999364e+02 2.372753904000000205e+02
3.772742079999999874e+02 2.346956064000000026e+02
2.727580671999999709e+02 2.346956064000000026e+02
2.779193472000000042e+02 2.314708895999999925e+02
2.875967808000000332e+02 2.276012255999999923e+02
2.985645119999999793e+02 2.301809999999999832e+02
3.088870976000000041e+02 2.340506592000000126e+02
2.992096703999999932e+02 2.359855008000000112e+02
2.882419391999999903e+02 2.372753904000000205e+02
2.824354751999999849e+02 2.379203376000000105e+02
3.508225600000000099e+02 2.108326704000000120e+02
3.624354944000000387e+02 2.056731168000000025e+02
3.811451712000000498e+02 2.024484000000000208e+02
3.895322431999999822e+02 2.043832272000000216e+02
3.979193472000000042e+02 2.127674976000000129e+02
3.101774207999999931e+02 2.134124544000000014e+02
2.914677440000000388e+02 2.063180640000000210e+02
2.721129023999999959e+02 2.030933472000000108e+02
2.637257984000000306e+02 2.082529008000000204e+02
2.585645119999999793e+02 2.230866192000000012e+02
3.056612992000000304e+02 3.140237616000000003e+02
3.230806335999999988e+02 2.972552208000000178e+02
3.321128831999999989e+02 2.991900432000000478e+02
3.398548480000000040e+02 2.966102591999999731e+02
3.643709567999999877e+02 3.120889392000000271e+02
3.488870975999999473e+02 3.262776960000000486e+02
3.359838847999999416e+02 3.269226528000000371e+02
3.237258176000000276e+02 3.269226528000000371e+02
3.192096703999999932e+02 2.366304432000000020e+02
3.185645119999999793e+02 2.579136096000000293e+02
3.114677440000000388e+02 2.650080000000000382e+02
3.088870976000000041e+02 2.727473280000000386e+02
3.179193472000000042e+02 2.824214736000000130e+02
3.295322431999999822e+02 2.837113679999999931e+02
3.443709567999999877e+02 2.811316128000000276e+02
3.521128831999999989e+02 2.695226112000000285e+02
3.469515968000000612e+02 2.630731488000000127e+02
3.417903168000000278e+02 2.579136096000000293e+02
3.385645311999999763e+02 2.359855008000000112e+02
0.000000000000000000e+00 0.000000000000000000e+00
6.390000000000000000e+02 0.000000000000000000e+00
0.000000000000000000e+00 4.790000000000000000e+02
6.390000000000000000e+02 4.790000000000000000e+02
