2.256612992000000304e+02 2.908057584000000020e+02
2.295322623999999792e+02 3.107990447999999901e+02
2.392096703999999932e+02 3.417563711999999896e+02
2.540483839999999987e+02 3.701339135999999712e+02
2.772741887999999904e+02 3.869024544000000105e+02
2.934032255999999848e+02 3.952867391999999995e+02
3.134032255999999848e+02 4.004462831999999821e+02
3.443709567999999877e+02 3.946417824000000110e+02
3.604999936000000389e+02 3.849676319999999805e+02
3.824354944000000387e+02 3.694889567999999826e+02
3.940483840000000555e+02 3.501406271999999831e+02
4.024354944000000387e+02 3.211181567999999515e+02
4.101774207999999931e+02 2.914507199999999898e+02
3.843709567999999877e+02 2.392102127999999936e+02
3.746935680000000275e+02 2.353405536000000211e+02
3.669515968000000612e+02 2.321158367999999825e+02
3.559838847999999416e+02 2.340506592000000126e+02
3.450161343999999985e+02 2.430798911999999916e+02
3.546935680000000275e+02 2.482394303999999750e+02
3.675967808000000332e+02 2.508192144000000212e+02
3.766290304000000333e+02 2.475944976000000111e+02
2.546935488000000021e+02 2.379203376000000105e+02
2.656612992000000304e+02 2.340506592000000126e+02
2.746935488000000305e+02 2.327607840000000010e+02
2.856612992000000304e+02 2.379203376000000105e+02
2.946935488000000305e+02 2.437248240000000123e+02
2.856612992000000304e+02 2.475944976000000111e+02
2.746935488000000305e+02 2.475944976000000111e+02
2.637257984000000306e+02 2.450147136000000216e+02
3.463064575999999875e+02 2.198618879999999933e+02
3.611451712000000498e+02 2.127674976000000129e+02
3.753387072000000444e+02 2.088978336000000127e+02
3.850161343999999985e+02 2.108326704000000120e+02
3.998548480000000040e+02 2.166371712000000116e+02
2.979193472000000042e+02 2.179270655999999917e+02
2.830806527999999958e+02 2.101877279999999928e+02
2.663064575999999875e+02 2.043832272000000216e+02
2.553387071999999876e+02 2.069630112000000111e+02
2.430806527999999958e+02 2.134124544000000014e+02
2.798548480000000040e+02 3.353069135999999730e+02
3.101774207999999931e+02 3.262776960000000486e+02
3.185645119999999793e+02 3.301473696000000473e+02
3.269515968000000612e+02 3.269226528000000371e+02
3.553387072000000444e+02 3.365968032000000107e+02
3.314677439999999820e+02 3.482058048000000099e+02
3.198548480000000040e+02 3.462709824000000367e+02
3.095322623999999792e+02 3.482058048000000099e+02
3.088870976000000041e+02 2.482394303999999750e+02
3.043709760000000415e+02 2.804866511999999830e+02
2.959838656000000015e+02 2.837113679999999931e+02
2.940483839999999987e+02 2.946754367999999999e+02
2.979193472000000042e+02 3.075742991999999845e+02
3.185645119999999793e+02 3.133787999999999556e+02
3.385645311999999763e+02 3.082192607999999723e+02
3.443709567999999877e+02 2.946754367999999999e+02
3.430806335999999988e+02 2.856462191999999618e+02
3.379193472000000042e+02 2.811316128000000276e+02
3.314677439999999820e+02 2.469495408000000225e+02
0.000000000000000000e+00 0.000000000000000000e+00
6.390000000000000000e+02 0.000000000000000000e+00
0.000000000000000000e+00 4.790000000000000000e+02
6.390000000000000000e+02 4.790000000000000000e+02
