2.095322623999999792e+02 2.927405855999999744e+02
2.134032256000000132e+02 3.114439775999999824e+02
2.269516160000000013e+02 3.372417647999999986e+02
2.417903168000000278e+02 3.553001999999999612e+02
2.624354751999999849e+02 3.681990911999999980e+02
2.824354751999999849e+02 3.720687408000000005e+02
3.011451519999999960e+02 3.720687408000000005e+02
3.250161343999999985e+02 3.720687408000000005e+02
3.411451712000000498e+02 3.649743455999999924e+02
3.572742079999999874e+02 3.540103055999999810e+02
3.746935680000000275e+02 3.398215200000000209e+02
3.830806335999999988e+02 3.146686943999999926e+02
3.888870975999999473e+02 2.895158688000000211e+02
3.675967808000000332e+02 2.185719983999999840e+02
3.592096703999999932e+02 2.140573871999999938e+02
3.475967808000000332e+02 2.095427808000000027e+02
3.346935680000000275e+02 2.121225647999999921e+02
3.256612799999999766e+02 2.192169408000000033e+02
3.366290304000000333e+02 2.230866192000000012e+02
3.456612799999999766e+02 2.243764991999999836e+02
3.546935680000000275e+02 2.237315519999999935e+02
2.340483839999999987e+02 2.217967247999999927e+02
2.443709760000000131e+02 2.172821184000000017e+02
2.559838656000000015e+02 2.114776176000000021e+02
2.682419391999999903e+02 2.153472816000000023e+02
2.746935488000000305e+02 2.217967247999999927e+02
2.688870976000000041e+02 2.263113359999999830e+02
2.559838656000000015e+02 2.288911056000000031e+02
2.450161343999999985e+02 2.269562832000000014e+02
3.230806335999999988e+02 1.908393983999999932e+02
3.327580671999999709e+02 1.831000607999999943e+02
3.501774207999999931e+02 1.818101856000000112e+02
3.695322431999999822e+02 1.856798447999999837e+02
3.798548480000000040e+02 1.998686160000000029e+02
2.837257984000000306e+02 1.947090623999999934e+02
2.746935488000000305e+02 1.811652383999999927e+02
2.482419391999999903e+02 1.792303967999999941e+02
2.308225792000000069e+02 1.856798447999999837e+02
2.179193472000000042e+02 1.979337792000000036e+02
2.663064575999999875e+02 3.107990447999999901e+02
2.966290303999999765e+02 2.991900432000000478e+02
3.004999936000000389e+02 3.030596927999999934e+02
3.069516160000000013e+02 2.985450816000000032e+02
3.385645311999999763e+02 3.082192607999999723e+02
3.159838656000000015e+02 3.178934112000000027e+02
3.011451519999999960e+02 3.191833007999999836e+02
2.875967808000000332e+02 3.172484784000000104e+02
2.927580671999999709e+02 2.153472816000000023e+02
2.895322623999999792e+02 2.443697856000000286e+02
2.792096703999999932e+02 2.566237152000000492e+02
2.824354751999999849e+02 2.766169727999999850e+02
2.940483839999999987e+02 2.753271119999999996e+02
3.030806527999999958e+02 2.772619343999999728e+02
3.153387071999999876e+02 2.740372175999999627e+02
3.224354944000000387e+02 2.740372175999999627e+02
3.211451712000000498e+02 2.533989984000000106e+02
3.134032255999999848e+02 2.417899968000000115e+02
3.108225792000000069e+02 2.147023344000000122e+02
0.000000000000000000e+00 0.000000000000000000e+00
6.390000000000000000e+02 0.000000000000000000e+00
0.000000000000000000e+00 4.790000000000000000e+02
6.390000000000000000e+02 4.790000000000000000e+02
