2.508225792000000069e+02 3.004799376000000279e+02
2.572741887999999904e+02 3.236979119999999739e+02
2.643709760000000415e+02 3.469159104000000298e+02
2.817903168000000278e+02 3.662642399999999725e+02
2.992096703999999932e+02 3.823878480000000195e+02
3.172741887999999904e+02 3.946417824000000110e+02
3.443709567999999877e+02 4.004462831999999821e+02
3.701774207999999931e+02 3.952867391999999995e+02
3.869515968000000612e+02 3.830328096000000073e+02
4.030806335999999988e+02 3.649743455999999924e+02
4.153387072000000444e+02 3.482058048000000099e+02
4.237258176000000276e+02 3.230529791999999816e+02
4.263064575999999875e+02 3.017698272000000088e+02
4.056612799999999766e+02 2.334057263999999918e+02
4.004999936000000389e+02 2.276012255999999923e+02
3.895322431999999822e+02 2.230866192000000012e+02
3.753387072000000444e+02 2.243764991999999836e+02
3.669515968000000612e+02 2.359855008000000112e+02
3.798548480000000040e+02 2.398551600000000121e+02
3.921128831999999989e+02 2.411450687999999900e+02
3.998548480000000040e+02 2.385652704000000028e+02
2.804999936000000389e+02 2.321158367999999825e+02
2.901774207999999931e+02 2.256663887999999929e+02
3.011451519999999960e+02 2.217967247999999927e+02
3.146935488000000305e+02 2.250214416000000028e+02
3.217903168000000278e+02 2.353405536000000211e+02
3.140483839999999987e+02 2.359855008000000112e+02
3.024354751999999849e+02 2.366304432000000020e+02
2.914677440000000388e+02 2.372753904000000205e+02
3.604999936000000389e+02 2.179270655999999917e+02
3.766290304000000333e+02 2.076079536000000019e+02
4.056612799999999766e+02 2.063180640000000210e+02
4.159838847999999416e+02 2.114776176000000021e+02
4.237258176000000276e+02 2.224416719999999827e+02
3.250161343999999985e+02 2.185719983999999840e+02
3.134032255999999848e+02 2.095427808000000027e+02
2.792096703999999932e+02 2.043832272000000216e+02
2.643709760000000415e+02 2.082529008000000204e+02
2.617903168000000278e+02 2.198618879999999933e+02
3.075967808000000332e+02 3.365968032000000107e+02
3.321128831999999989e+02 3.262776960000000486e+02
3.443709567999999877e+02 3.282125184000000218e+02
3.540483840000000555e+02 3.249878016000000116e+02
3.856612799999999766e+02 3.340170191999999929e+02
3.579193472000000042e+02 3.449810879999999997e+02
3.443709567999999877e+02 3.456260207999999921e+02
3.321128831999999989e+02 3.443361263999999551e+02
3.301774207999999931e+02 2.392102127999999936e+02
3.269515968000000612e+02 2.733922560000000317e+02
3.198548480000000040e+02 2.837113679999999931e+02
3.198548480000000040e+02 2.972552208000000178e+02
3.314677439999999820e+02 2.998349759999999833e+02
3.437258176000000276e+02 3.049945439999999621e+02
3.546935680000000275e+02 2.998349759999999833e+02
3.682419199999999364e+02 3.004799376000000279e+02
3.663064575999999875e+02 2.824214736000000130e+02
3.585645311999999763e+02 2.727473280000000386e+02
3.559838847999999416e+02 2.411450687999999900e+02
0.000000000000000000e+00 0.000000000000000000e+00
6.390000000000000000e+02 0.000000000000000000e+00
0.000000000000000000e+00 4.790000000000000000e+02
6.390000000000000000e+02 4.790000000000000000e+02
