2.127580671999999709e+02 3.088641936000000214e+02
2.224354751999999849e+02 3.340170191999999929e+02
2.353387071999999876e+02 3.533653439999999932e+02
2.527580671999999709e+02 3.727136976000000459e+02
2.701774207999999931e+02 3.817429151999999704e+02
2.888870976000000041e+02 3.914170656000000008e+02
3.082419391999999903e+02 3.946417824000000110e+02
3.353387072000000444e+02 3.901271712000000207e+02
3.566290304000000333e+02 3.804530255999999895e+02
3.675967808000000332e+02 3.694889567999999826e+02
3.824354944000000387e+02 3.520754832000000079e+02
3.908225600000000099e+02 3.346619808000000376e+02
4.011451712000000498e+02 3.056394768000000113e+02
3.682419199999999364e+02 2.217967247999999927e+02
3.585645311999999763e+02 2.153472816000000023e+02
3.450161343999999985e+02 2.114776176000000021e+02
3.353387072000000444e+02 2.153472816000000023e+02
3.256612799999999766e+02 2.237315519999999935e+02
3.353387072000000444e+02 2.269562832000000014e+02
3.463064575999999875e+02 2.269562832000000014e+02
3.585645311999999763e+02 2.256663887999999929e+02
2.366290304000000049e+02 2.237315519999999935e+02
2.437257984000000022e+02 2.172821184000000017e+02
2.566290303999999765e+02 2.134124544000000014e+02
2.669516160000000013e+02 2.185719983999999840e+02
2.753387071999999876e+02 2.250214416000000028e+02
2.656612992000000304e+02 2.301809999999999832e+02
2.553387071999999876e+02 2.308259423999999740e+02
2.437257984000000022e+02 2.288911056000000031e+02
3.237258176000000276e+02 1.998686160000000029e+02
3.404999936000000389e+02 1.869697391999999923e+02
3.624354944000000387e+02 1.856798447999999837e+02
3.798548480000000040e+02 1.947090623999999934e+02
3.882419199999999364e+02 2.082529008000000204e+02
2.792096703999999932e+02 1.998686160000000029e+02
2.650161343999999985e+02 1.908393983999999932e+02
2.346935488000000021e+02 1.914843455999999833e+02
2.243709760000000131e+02 1.979337792000000036e+02
2.159838656000000015e+02 2.159922287999999924e+02
2.695322623999999792e+02 3.191833007999999836e+02
2.934032255999999848e+02 3.088641936000000214e+02
3.075967808000000332e+02 3.120889392000000271e+02
3.224354944000000387e+02 3.062844383999999991e+02
3.514677439999999820e+02 3.166035455999999613e+02
3.263064575999999875e+02 3.295024128000000019e+02
3.095322623999999792e+02 3.353069135999999730e+02
2.934032255999999848e+02 3.314372640000000274e+02
2.901774207999999931e+02 2.211517824000000019e+02
2.869516160000000013e+02 2.669428272000000106e+02
2.753387071999999876e+02 2.701675392000000215e+02
2.734032255999999848e+02 2.875810416000000487e+02
2.895322623999999792e+02 2.908057584000000020e+02
3.075967808000000332e+02 2.966102591999999731e+02
3.204999936000000389e+02 2.888709360000000288e+02
3.379193472000000042e+02 2.875810416000000487e+02
3.392096703999999932e+02 2.740372175999999627e+02
3.243709567999999877e+02 2.637181104000000005e+02
3.172741887999999904e+02 2.211517824000000019e+02
0.000000000000000000e+00 0.000000000000000000e+00
6.390000000000000000e+02 0.000000000000000000e+00
0.000000000000000000e+00 4.790000000000000000e+02
6.390000000000000000e+02 4.790000000000000000e+02
