2.275967808000000048e+02 2.888709360000000288e+02
2.334032256000000132e+02 3.095091552000000092e+02
2.475967808000000048e+02 3.353069135999999730e+02
2.650161343999999985e+02 3.598148064000000090e+02
2.843709760000000415e+02 3.720687408000000005e+02
3.082419391999999903e+02 3.843226703999999927e+02
3.263064575999999875e+02 3.849676319999999805e+02
3.463064575999999875e+02 3.798080640000000017e+02
3.643709567999999877e+02 3.694889567999999826e+02
3.779193472000000042e+02 3.565900895999999989e+02
3.921128831999999989e+02 3.320821967999999629e+02
3.985645311999999763e+02 3.114439775999999824e+02
4.056612799999999766e+02 2.888709360000000288e+02
3.908225600000000099e+02 2.269562832000000014e+02
3.843709567999999877e+02 2.192169408000000033e+02
3.714677439999999820e+02 2.159922287999999924e+02
3.592096703999999932e+02 2.217967247999999927e+02
3.508225600000000099e+02 2.314708895999999925e+02
3.604999936000000389e+02 2.334057263999999918e+02
3.759838847999999416e+02 2.346956064000000026e+02
3.856612799999999766e+02 2.334057263999999918e+02
2.656612992000000304e+02 2.250214416000000028e+02
2.746935488000000305e+02 2.185719983999999840e+02
2.875967808000000332e+02 2.166371712000000116e+02
2.985645119999999793e+02 2.224416719999999827e+02
3.069516160000000013e+02 2.308259423999999740e+02
2.985645119999999793e+02 2.340506592000000126e+02
2.856612992000000304e+02 2.340506592000000126e+02
2.727580671999999709e+02 2.321158367999999825e+02
3.508225600000000099e+02 2.108326704000000120e+02
3.630806335999999988e+02 2.030933472000000108e+02
3.888870975999999473e+02 2.018034576000000015e+02
4.024354944000000387e+02 2.056731168000000025e+02
4.088870975999999473e+02 2.159922287999999924e+02
3.127580671999999709e+02 2.108326704000000120e+02
2.966290303999999765e+02 2.030933472000000108e+02
2.721129023999999959e+02 1.985787264000000221e+02
2.579193472000000042e+02 2.011585104000000115e+02
2.521129023999999959e+02 2.088978336000000127e+02
2.940483839999999987e+02 3.236979119999999739e+02
3.146935488000000305e+02 3.146686943999999926e+02
3.301774207999999931e+02 3.204731952000000206e+02
3.372742079999999874e+02 3.172484784000000104e+02
3.559838847999999416e+02 3.243428688000000193e+02
3.385645311999999763e+02 3.327271247999999559e+02
3.282419199999999364e+02 3.340170191999999929e+02
3.134032255999999848e+02 3.327271247999999559e+02
3.172741887999999904e+02 2.334057263999999918e+02
3.153387071999999876e+02 2.637181104000000005e+02
3.043709760000000415e+02 2.740372175999999627e+02
3.030806527999999958e+02 2.901608256000000097e+02
3.140483839999999987e+02 2.920956528000000390e+02
3.275967808000000332e+02 3.011248703999999634e+02
3.404999936000000389e+02 2.946754367999999999e+02
3.521128831999999989e+02 2.908057584000000020e+02
3.508225600000000099e+02 2.753271119999999996e+02
3.437258176000000276e+02 2.624282159999999635e+02
3.437258176000000276e+02 2.327607840000000010e+02
0.000000000000000000e+00 0.000000000000000000e+00
6.390000000000000000e+02 0.000000000000000000e+00
0.000000000000000000e+00 4.790000000000000000e+02
6.390000000000000000e+02 4.790000000000000000e+02
