2.617903168000000278e+02 3.043495824000000312e+02
2.637257984000000306e+02 3.204731952000000206e+02
2.688870976000000041e+02 3.385316255999999839e+02
2.856612992000000304e+02 3.649743455999999924e+02
3.024354751999999849e+02 3.830328096000000073e+02
3.172741887999999904e+02 3.985114560000000097e+02
3.385645311999999763e+02 4.017361728000000198e+02
3.650161343999999985e+02 3.985114560000000097e+02
3.804999936000000389e+02 3.817429151999999704e+02
3.927580671999999709e+02 3.649743455999999924e+02
4.063064575999999875e+02 3.482058048000000099e+02
4.159838847999999416e+02 3.217630848000000015e+02
4.179193472000000042e+02 2.972552208000000178e+02
4.017903168000000278e+02 2.482394303999999750e+02
3.953387072000000444e+02 2.430798911999999916e+02
3.830806335999999988e+02 2.398551600000000121e+02
3.714677439999999820e+02 2.437248240000000123e+02
3.604999936000000389e+02 2.508192144000000212e+02
3.701774207999999931e+02 2.540439311999999745e+02
3.824354944000000387e+02 2.553338256000000115e+02
3.940483840000000555e+02 2.533989984000000106e+02
2.811451519999999960e+02 2.527540416000000221e+02
2.863064575999999875e+02 2.463046080000000018e+02
2.972741887999999904e+02 2.443697856000000286e+02
3.088870976000000041e+02 2.475944976000000111e+02
3.198548480000000040e+02 2.540439311999999745e+02
3.121129023999999959e+02 2.579136096000000293e+02
3.004999936000000389e+02 2.592034992000000102e+02
2.901774207999999931e+02 2.579136096000000293e+02
3.611451712000000498e+02 2.269562832000000014e+02
3.740483840000000555e+02 2.198618879999999933e+02
3.869515968000000612e+02 2.166371712000000116e+02
3.979193472000000042e+02 2.179270655999999917e+02
4.114677439999999820e+02 2.295360527999999931e+02
3.217903168000000278e+02 2.314708895999999925e+02
3.050161343999999985e+02 2.217967247999999927e+02
2.869516160000000013e+02 2.217967247999999927e+02
2.766290303999999765e+02 2.256663887999999929e+02
2.656612992000000304e+02 2.346956064000000026e+02
3.050161343999999985e+02 3.378866975999999909e+02
3.327580671999999709e+02 3.295024128000000019e+02
3.430806335999999988e+02 3.307923023999999828e+02
3.527580671999999709e+02 3.282125184000000218e+02
3.766290304000000333e+02 3.359518704000000184e+02
3.579193472000000042e+02 3.533653439999999932e+02
3.456612799999999766e+02 3.546552383999999734e+02
3.314677439999999820e+02 3.540103055999999810e+02
3.301774207999999931e+02 2.553338256000000115e+02
3.295322431999999822e+02 2.824214736000000130e+02
3.217903168000000278e+02 2.920956528000000390e+02
3.198548480000000040e+02 3.062844383999999991e+02
3.256612799999999766e+02 3.101540832000000023e+02
3.417903168000000278e+02 3.114439775999999824e+02
3.611451712000000498e+02 3.107990447999999901e+02
3.675967808000000332e+02 3.069293711999999914e+02
3.656612799999999766e+02 2.901608256000000097e+02
3.585645311999999763e+02 2.837113679999999931e+02
3.553387072000000444e+02 2.527540416000000221e+02
0.000000000000000000e+00 0.000000000000000000e+00
6.390000000000000000e+02 0.000000000000000000e+00
0.000000000000000000e+00 4.790000000000000000e+02
6.390000000000000000e+02 4.790000000000000000e+02
