2.740483839999999987e+02 3.127338672000000201e+02
2.817903168000000278e+02 3.314372640000000274e+02
2.927580671999999709e+02 3.494956991999999900e+02
3.056612992000000304e+02 3.611046959999999899e+02
3.217903168000000278e+02 3.733586303999999814e+02
3.385645311999999763e+02 3.830328096000000073e+02
3.546935680000000275e+02 3.856125648000000297e+02
3.798548480000000040e+02 3.804530255999999895e+02
4.030806335999999988e+02 3.681990911999999980e+02
4.204999936000000389e+02 3.501406271999999831e+02
4.346935680000000275e+02 3.269226528000000371e+02
4.417903168000000278e+02 3.069293711999999914e+02
4.482419199999999364e+02 2.882259743999999841e+02
4.185645311999999763e+02 2.159922287999999924e+02
4.101774207999999931e+02 2.095427808000000027e+02
3.985645311999999763e+02 2.063180640000000210e+02
3.869515968000000612e+02 2.101877279999999928e+02
3.759838847999999416e+02 2.179270655999999917e+02
3.856612799999999766e+02 2.217967247999999927e+02
3.979193472000000042e+02 2.230866192000000012e+02
4.108225600000000099e+02 2.224416719999999827e+02
2.811451519999999960e+02 2.243764991999999836e+02
2.882419391999999903e+02 2.166371712000000116e+02
2.972741887999999904e+02 2.134124544000000014e+02
3.095322623999999792e+02 2.140573871999999938e+02
3.230806335999999988e+02 2.224416719999999827e+02
3.095322623999999792e+02 2.250214416000000028e+02
2.979193472000000042e+02 2.276012255999999923e+02
2.888870976000000041e+02 2.276012255999999923e+02
3.695322431999999822e+02 1.901944560000000024e+02
3.863064575999999875e+02 1.818101856000000112e+02
4.063064575999999875e+02 1.792303967999999941e+02
4.179193472000000042e+02 1.850348975999999936e+02
4.301774207999999931e+02 1.992236688000000129e+02
3.172741887999999904e+02 1.940641152000000034e+02
3.011451519999999960e+02 1.876146719999999846e+02
2.863064575999999875e+02 1.882596144000000038e+02
2.759838656000000015e+02 1.934191823999999826e+02
2.682419391999999903e+02 2.108326704000000120e+02
3.146935488000000305e+02 3.185383679999999913e+02
3.411451712000000498e+02 3.056394768000000113e+02
3.521128831999999989e+02 3.056394768000000113e+02
3.624354944000000387e+02 3.049945439999999621e+02
3.908225600000000099e+02 3.172484784000000104e+02
3.663064575999999875e+02 3.353069135999999730e+02
3.546935680000000275e+02 3.365968032000000107e+02
3.411451712000000498e+02 3.346619808000000376e+02
3.359838847999999416e+02 2.237315519999999935e+02
3.359838847999999416e+02 2.495293248000000119e+02
3.301774207999999931e+02 2.611383264000000395e+02
3.256612799999999766e+02 2.733922560000000317e+02
3.353387072000000444e+02 2.804866511999999830e+02
3.508225600000000099e+02 2.798417183999999907e+02
3.611451712000000498e+02 2.791967568000000028e+02
3.753387072000000444e+02 2.766169727999999850e+02
3.753387072000000444e+02 2.637181104000000005e+02
3.650161343999999985e+02 2.533989984000000106e+02
3.624354944000000387e+02 2.224416719999999827e+02
0.000000000000000000e+00 0.000000000000000000e+00
6.390000000000000000e+02 0.000000000000000000e+00
0.000000000000000000e+00 4.790000000000000000e+02
6.390000000000000000e+02 4.790000000000000000e+02
