2.430806527999999958e+02 3.140237616000000003e+02
2.482419391999999903e+02 3.398215200000000209e+02
2.604999936000000389e+02 3.617496287999999822e+02
2.740483839999999987e+02 3.778732415999999716e+02
2.946935488000000305e+02 3.927069551999999817e+02
3.159838656000000015e+02 3.985114560000000097e+02
3.359838847999999416e+02 3.998013504000000466e+02
3.624354944000000387e+02 3.959316719999999918e+02
3.843709567999999877e+02 3.843226703999999927e+02
4.030806335999999988e+02 3.714238080000000082e+02
4.127580671999999709e+02 3.553001999999999612e+02
4.179193472000000042e+02 3.372417647999999986e+02
4.217903168000000278e+02 3.107990447999999901e+02
3.934032447999999818e+02 2.559787824000000001e+02
3.824354944000000387e+02 2.482394303999999750e+02
3.727580671999999709e+02 2.469495408000000225e+02
3.624354944000000387e+02 2.495293248000000119e+02
3.540483840000000555e+02 2.604933935999999903e+02
3.656612799999999766e+02 2.637181104000000005e+02
3.746935680000000275e+02 2.637181104000000005e+02
3.850161343999999985e+02 2.604933935999999903e+02
2.656612992000000304e+02 2.540439311999999745e+02
2.734032255999999848e+02 2.475944976000000111e+02
2.875967808000000332e+02 2.456596463999999855e+02
2.953387071999999876e+02 2.475944976000000111e+02
3.043709760000000415e+02 2.566237152000000492e+02
2.921129023999999959e+02 2.604933935999999903e+02
2.824354751999999849e+02 2.617832544000000325e+02
2.740483839999999987e+02 2.598484320000000025e+02
3.501774207999999931e+02 2.430798911999999916e+02
3.585645311999999763e+02 2.301809999999999832e+02
3.759838847999999416e+02 2.282461727999999823e+02
3.882419199999999364e+02 2.295360527999999931e+02
4.069515968000000612e+02 2.379203376000000105e+02
3.011451519999999960e+02 2.392102127999999936e+02
2.914677440000000388e+02 2.295360527999999931e+02
2.740483839999999987e+02 2.269562832000000014e+02
2.630806527999999958e+02 2.269562832000000014e+02
2.514677440000000104e+02 2.359855008000000112e+02
2.992096703999999932e+02 3.443361263999999551e+02
3.224354944000000387e+02 3.365968032000000107e+02
3.314677439999999820e+02 3.385316255999999839e+02
3.372742079999999874e+02 3.346619808000000376e+02
3.663064575999999875e+02 3.424013039999999819e+02
3.450161343999999985e+02 3.578799839999999790e+02
3.314677439999999820e+02 3.591698448000000212e+02
3.166290303999999765e+02 3.578799839999999790e+02
3.179193472000000042e+02 2.650080000000000382e+02
3.127580671999999709e+02 2.933855424000000198e+02
3.082419391999999903e+02 2.959653264000000377e+02
3.075967808000000332e+02 3.088641936000000214e+02
3.217903168000000278e+02 3.140237616000000003e+02
3.301774207999999931e+02 3.172484784000000104e+02
3.379193472000000042e+02 3.140237616000000003e+02
3.488870975999999473e+02 3.140237616000000003e+02
3.508225600000000099e+02 2.998349759999999833e+02
3.450161343999999985e+02 2.908057584000000020e+02
3.417903168000000278e+02 2.630731488000000127e+02
0.000000000000000000e+00 0.000000000000000000e+00
6.390000000000000000e+02 0.000000000000000000e+00
0.000000000000000000e+00 4.790000000000000000e+02
6.390000000000000000e+02 4.790000000000000000e+02
