2.250161343999999985e+02 3.069293711999999914e+02
2.346935488000000021e+02 3.340170191999999929e+02
2.456612992000000304e+02 3.585249119999999721e+02
2.630806527999999958e+02 3.798080640000000017e+02
2.856612992000000304e+02 3.946417824000000110e+02
3.121129023999999959e+02 4.081856352000000356e+02
3.372742079999999874e+02 4.094754959999999642e+02
3.675967808000000332e+02 4.056058512000000178e+02
3.908225600000000099e+02 3.927069551999999817e+02
4.108225600000000099e+02 3.759384143999999992e+02
4.237258176000000276e+02 3.559451280000000111e+02
4.340483840000000555e+02 3.314372640000000274e+02
4.379193472000000042e+02 3.088641936000000214e+02
4.082419199999999364e+02 2.243764991999999836e+02
3.992096703999999932e+02 2.153472816000000023e+02
3.869515968000000612e+02 2.088978336000000127e+02
3.753387072000000444e+02 2.101877279999999928e+02
3.604999936000000389e+02 2.205068351999999834e+02
3.708225600000000099e+02 2.243764991999999836e+02
3.875967808000000332e+02 2.282461727999999823e+02
3.979193472000000042e+02 2.276012255999999923e+02
2.663064575999999875e+02 2.211517824000000019e+02
2.753387071999999876e+02 2.114776176000000021e+02
2.875967808000000332e+02 2.101877279999999928e+02
3.011451519999999960e+02 2.127674976000000129e+02
3.134032255999999848e+02 2.230866192000000012e+02
3.011451519999999960e+02 2.256663887999999929e+02
2.882419391999999903e+02 2.269562832000000014e+02
2.766290303999999765e+02 2.269562832000000014e+02
3.624354944000000387e+02 1.985787264000000221e+02
3.882419199999999364e+02 1.863247920000000022e+02
4.095322431999999822e+02 1.876146719999999846e+02
4.230806335999999988e+02 1.979337792000000036e+02
4.308225600000000099e+02 2.179270655999999917e+02
3.108225792000000069e+02 1.966438991999999928e+02
2.875967808000000332e+02 1.843899552000000028e+02
2.643709760000000415e+02 1.856798447999999837e+02
2.475967808000000048e+02 1.966438991999999928e+02
2.366290304000000049e+02 2.211517824000000019e+02
2.953387071999999876e+02 3.282125184000000218e+02
3.275967808000000332e+02 3.101540832000000023e+02
3.359838847999999416e+02 3.146686943999999926e+02
3.508225600000000099e+02 3.101540832000000023e+02
3.746935680000000275e+02 3.256327631999999994e+02
3.508225600000000099e+02 3.346619808000000376e+02
3.379193472000000042e+02 3.353069135999999730e+02
3.230806335999999988e+02 3.340170191999999929e+02
3.211451712000000498e+02 2.263113359999999830e+02
3.153387071999999876e+02 2.579136096000000293e+02
3.101774207999999931e+02 2.701675392000000215e+02
3.108225792000000069e+02 2.837113679999999931e+02
3.224354944000000387e+02 2.850012575999999740e+02
3.392096703999999932e+02 2.882259743999999841e+02
3.501774207999999931e+02 2.862911520000000110e+02
3.643709567999999877e+02 2.830664352000000008e+02
3.650161343999999985e+02 2.656529327999999737e+02
3.566290304000000333e+02 2.533989984000000106e+02
3.534032447999999818e+02 2.256663887999999929e+02
0.000000000000000000e+00 0.000000000000000000e+00
6.390000000000000000e+02 0.000000000000000000e+00
0.000000000000000000e+00 4.790000000000000000e+02
6.390000000000000000e+02 4.790000000000000000e+02
