2.108225792000000069e+02 2.959653264000000377e+02
2.159838656000000015e+02 3.211181567999999515e+02
2.243709760000000131e+02 3.436911983999999620e+02
2.385645119999999793e+02 3.630395232000000192e+02
2.579193472000000042e+02 3.817429151999999704e+02
2.804999936000000389e+02 3.965766336000000365e+02
3.088870976000000041e+02 4.017361728000000198e+02
3.417903168000000278e+02 3.946417824000000110e+02
3.630806335999999988e+02 3.746485247999999615e+02
3.785645311999999763e+02 3.520754832000000079e+02
3.921128831999999989e+02 3.275675855999999726e+02
3.972742079999999874e+02 3.069293711999999914e+02
3.979193472000000042e+02 2.914507199999999898e+02
3.708225600000000099e+02 2.308259423999999740e+02
3.624354944000000387e+02 2.230866192000000012e+02
3.508225600000000099e+02 2.185719983999999840e+02
3.379193472000000042e+02 2.217967247999999927e+02
3.263064575999999875e+02 2.295360527999999931e+02
3.359838847999999416e+02 2.334057263999999918e+02
3.501774207999999931e+02 2.353405536000000211e+02
3.630806335999999988e+02 2.359855008000000112e+02
2.404999936000000105e+02 2.321158367999999825e+02
2.456612992000000304e+02 2.237315519999999935e+02
2.592096703999999932e+02 2.211517824000000019e+02
2.740483839999999987e+02 2.263113359999999830e+02
2.811451519999999960e+02 2.340506592000000126e+02
2.734032255999999848e+02 2.392102127999999936e+02
2.572741887999999904e+02 2.411450687999999900e+02
2.456612992000000304e+02 2.392102127999999936e+02
3.314677439999999820e+02 2.043832272000000216e+02
3.488870975999999473e+02 1.972888463999999829e+02
3.688870975999999473e+02 1.940641152000000034e+02
3.798548480000000040e+02 2.030933472000000108e+02
3.901774207999999931e+02 2.179270655999999917e+02
2.804999936000000389e+02 2.082529008000000204e+02
2.643709760000000415e+02 2.018034576000000015e+02
2.392096703999999932e+02 1.959989568000000020e+02
2.243709760000000131e+02 2.043832272000000216e+02
2.153387071999999876e+02 2.192169408000000033e+02
2.669516160000000013e+02 3.327271247999999559e+02
3.024354751999999849e+02 3.262776960000000486e+02
3.108225792000000069e+02 3.301473696000000473e+02
3.230806335999999988e+02 3.236979119999999739e+02
3.501774207999999931e+02 3.301473696000000473e+02
3.256612799999999766e+02 3.527204112000000009e+02
3.114677440000000388e+02 3.546552383999999734e+02
2.966290303999999765e+02 3.546552383999999734e+02
2.946935488000000305e+02 2.372753904000000205e+02
2.895322623999999792e+02 2.714574336000000017e+02
2.785645119999999793e+02 2.843563247999999817e+02
2.811451519999999960e+02 2.991900432000000478e+02
2.966290303999999765e+02 3.017698272000000088e+02
3.088870976000000041e+02 3.030596927999999934e+02
3.159838656000000015e+02 3.011248703999999634e+02
3.334032447999999818e+02 2.991900432000000478e+02
3.366290304000000333e+02 2.804866511999999830e+02
3.282419199999999364e+02 2.708125008000000093e+02
3.198548480000000040e+02 2.392102127999999936e+02
0.000000000000000000e+00 0.000000000000000000e+00
6.390000000000000000e+02 0.000000000000000000e+00
0.000000000000000000e+00 4.790000000000000000e+02
6.390000000000000000e+02 4.790000000000000000e+02
