1.998548479999999756e+02 2.914507199999999898e+02
2.043709760000000131e+02 3.159585839999999735e+02
2.172741887999999904e+02 3.469159104000000298e+02
2.346935488000000021e+02 3.688440240000000472e+02
2.572741887999999904e+02 3.933518880000000308e+02
2.824354751999999849e+02 4.133451744000000190e+02
3.082419391999999903e+02 4.178597807999999532e+02
3.334032447999999818e+02 4.114103519999999889e+02
3.559838847999999416e+02 3.933518880000000308e+02
3.759838847999999416e+02 3.707788464000000204e+02
3.921128831999999989e+02 3.475608432000000221e+02
4.037258176000000276e+02 3.191833007999999836e+02
4.082419199999999364e+02 2.966102591999999731e+02
3.824354944000000387e+02 2.256663887999999929e+02
3.721128831999999989e+02 2.179270655999999917e+02
3.585645311999999763e+02 2.153472816000000023e+02
3.443709567999999877e+02 2.172821184000000017e+02
3.314677439999999820e+02 2.295360527999999931e+02
3.443709567999999877e+02 2.308259423999999740e+02
3.592096703999999932e+02 2.321158367999999825e+02
3.721128831999999989e+02 2.295360527999999931e+02
2.372741887999999904e+02 2.237315519999999935e+02
2.469516160000000013e+02 2.172821184000000017e+02
2.585645119999999793e+02 2.134124544000000014e+02
2.714677440000000388e+02 2.179270655999999917e+02
2.824354751999999849e+02 2.269562832000000014e+02
2.695322623999999792e+02 2.288911056000000031e+02
2.572741887999999904e+02 2.295360527999999931e+02
2.463064575999999875e+02 2.282461727999999823e+02
3.282419199999999364e+02 2.069630112000000111e+02
3.501774207999999931e+02 1.921292928000000018e+02
3.746935680000000275e+02 1.895495087999999839e+02
3.875967808000000332e+02 1.953540095999999835e+02
3.985645311999999763e+02 2.114776176000000021e+02
2.895322623999999792e+02 2.069630112000000111e+02
2.721129023999999959e+02 1.927742255999999941e+02
2.398548479999999756e+02 1.876146719999999846e+02
2.269516160000000013e+02 1.953540095999999835e+02
2.140483839999999987e+02 2.140573871999999938e+02
2.721129023999999959e+02 3.456260207999999921e+02
3.011451519999999960e+02 3.307923023999999828e+02
3.108225792000000069e+02 3.333720864000000006e+02
3.217903168000000278e+02 3.282125184000000218e+02
3.469515968000000612e+02 3.456260207999999921e+02
3.237258176000000276e+02 3.559451280000000111e+02
3.114677440000000388e+02 3.559451280000000111e+02
2.979193472000000042e+02 3.565900895999999989e+02
2.985645119999999793e+02 2.198618879999999933e+02
2.946935488000000305e+02 2.617832544000000325e+02
2.837257984000000306e+02 2.733922560000000317e+02
2.811451519999999960e+02 2.914507199999999898e+02
2.966290303999999765e+02 2.979001536000000101e+02
3.088870976000000041e+02 3.011248703999999634e+02
3.198548480000000040e+02 2.972552208000000178e+02
3.366290304000000333e+02 2.940304752000000121e+02
3.327580671999999709e+02 2.695226112000000285e+02
3.250161343999999985e+02 2.617832544000000325e+02
3.217903168000000278e+02 2.237315519999999935e+02
0.000000000000000000e+00 0.000000000000000000e+00
6.390000000000000000e+02 0.000000000000000000e+00
0.000000000000000000e+00 4.790000000000000000e+02
6.390000000000000000e+02 4.790000000000000000e+02
