2.135897855999999990e+02 3.263394048000000112e+02
2.258581376000000205e+02 3.552445199999999659e+02
2.407554432000000020e+02 3.812737343999999666e+02
2.609106047999999873e+02 3.999160464000000275e+02
2.814473279999999704e+02 4.113029183999999532e+02
3.062314303999999652e+02 4.185583920000000262e+02
3.283866111999999475e+02 4.200620544000000223e+02
3.511706944000000021e+02 4.139306543999999803e+02
3.800889983999999799e+02 4.016678832000000057e+02
3.967389312000000245e+02 3.841496352000000343e+02
4.125125120000000152e+02 3.604999920000000202e+02
4.195230080000000044e+02 3.350985408000000234e+02
4.247808831999999484e+02 3.140766336000000365e+02
3.949863040000000183e+02 2.448795599999999979e+02
3.853468735999999808e+02 2.396240880000000004e+02
3.713258752000000413e+02 2.361204384000000118e+02
3.564285631999999850e+02 2.404999919999999918e+02
3.502943807999999990e+02 2.466313920000000053e+02
3.599338175999999976e+02 2.510109600000000114e+02
3.722021887999999876e+02 2.536386960000000101e+02
3.844705600000000345e+02 2.510109600000000114e+02
2.451370047999999997e+02 2.501350319999999954e+02
2.530237951999999950e+02 2.431277280000000189e+02
2.679211071999999945e+02 2.404999919999999918e+02
2.801894591999999875e+02 2.422518239999999707e+02
2.898288896000000250e+02 2.501350319999999954e+02
2.775605375999999751e+02 2.553904991999999936e+02
2.644158528000000388e+02 2.580182351999999923e+02
2.530237951999999950e+02 2.562664320000000089e+02
3.424076096000000007e+02 2.247335807999999986e+02
3.616864384000000427e+02 2.142226271999999767e+02
3.844705600000000345e+02 2.080912415999999894e+02
3.984915136000000189e+02 2.133467087999999876e+02
4.107598848000000089e+02 2.273613167999999973e+02
2.942104511999999659e+02 2.308649663999999859e+02
2.758078975999999898e+02 2.168503632000000039e+02
2.512711744000000067e+02 2.133467087999999876e+02
2.381265088000000105e+02 2.186021952000000113e+02
2.258581376000000205e+02 2.369963568000000009e+02
2.810657664000000295e+02 3.491131488000000331e+02
3.126129920000000197e+02 3.359744448000000148e+02
3.266339904000000161e+02 3.403540127999999640e+02
3.389023616000000061e+02 3.359744448000000148e+02
3.730784959999999728e+02 3.447335808000000270e+02
3.459128575999999953e+02 3.596240880000000288e+02
3.266339904000000161e+02 3.613759248000000071e+02
3.047261823999999706e+02 3.613759248000000071e+02
3.099840576000000283e+02 2.492591280000000324e+02
3.056024959999999737e+02 2.807919792000000143e+02
2.942104511999999659e+02 2.921788224000000014e+02
2.915815167999999744e+02 3.053175264000000197e+02
3.020972608000000150e+02 3.123248303999999962e+02
3.275102976000000012e+02 3.132007295999999883e+02
3.511706944000000021e+02 3.123248303999999962e+02
3.546759423999999399e+02 3.026897903999999926e+02
3.511706944000000021e+02 2.877992831999999908e+02
3.397786687999999913e+02 2.799160464000000275e+02
3.362734207999999967e+02 2.483831999999999880e+02
0.000000000000000000e+00 0.000000000000000000e+00
6.390000000000000000e+02 0.000000000000000000e+00
0.000000000000000000e+00 4.790000000000000000e+02
6.390000000000000000e+02 4.790000000000000000e+02
