2.566527360000000044e+02 2.825365103999999974e+02
2.611579839999999990e+02 3.041861231999999973e+02
2.670447935999999913e+02 3.202080336000000216e+02
2.808183935999999790e+02 3.368503776000000016e+02
2.974683264000000236e+02 3.498649535999999785e+02
3.149840576000000283e+02 3.578722559999999930e+02
3.351392383999999538e+02 3.596240880000000288e+02
3.604390656000000490e+02 3.543686207999999738e+02
3.759653120000000399e+02 3.439817472000000294e+02
3.929863040000000183e+02 3.293394048000000112e+02
4.016257024000000229e+02 3.143248272000000156e+02
4.058835776000000237e+02 3.015583920000000262e+02
4.096361984000000120e+02 2.879160479999999893e+02
3.958625792000000274e+02 2.238576671999999803e+02
3.897284288000000174e+02 2.177262767999999937e+02
3.809653120000000399e+02 2.124708095999999955e+02
3.686969343999999751e+02 2.133467087999999876e+02
3.616864384000000427e+02 2.186021952000000113e+02
3.669443136000000436e+02 2.247335807999999986e+02
3.774600576000000274e+02 2.264853984000000082e+02
3.853468735999999808e+02 2.264853984000000082e+02
2.828183935999999790e+02 2.186021952000000113e+02
2.889525823999999830e+02 2.133467087999999876e+02
2.977156992000000173e+02 2.098430591999999990e+02
3.064788224000000127e+02 2.107189728000000173e+02
3.169945536000000175e+02 2.203540128000000209e+02
3.091077440000000252e+02 2.247335807999999986e+02
2.985920128000000204e+02 2.247335807999999986e+02
2.898288896000000250e+02 2.247335807999999986e+02
3.529233151999999905e+02 2.080912415999999894e+02
3.669443136000000436e+02 2.018357712000000106e+02
3.809653120000000399e+02 1.984562015999999858e+02
3.932336831999999731e+02 2.002080335999999932e+02
4.046257023999999660e+02 2.063394191999999805e+02
3.187471744000000058e+02 2.028357695999999919e+02
3.038498879999999644e+02 1.993321200000000033e+02
2.915815167999999744e+02 1.984562015999999858e+02
2.819420799999999758e+02 2.002080335999999932e+02
2.731789759999999774e+02 2.019598512000000028e+02
2.985920128000000204e+02 2.939306543999999803e+02
3.266339904000000161e+02 2.851715472000000204e+02
3.353971072000000504e+02 2.877992831999999908e+02
3.467891328000000613e+02 2.860474512000000118e+02
3.669443136000000436e+02 3.000620544000000223e+02
3.424076096000000007e+02 3.070693296000000032e+02
3.336444864000000052e+02 3.070693296000000032e+02
3.231287360000000035e+02 3.070693296000000032e+02
3.292629248000000075e+02 2.229817487999999912e+02
3.240050496000000066e+02 2.475072959999999966e+02
3.126129920000000197e+02 2.518868639999999743e+02
3.134893055999999660e+02 2.650255392000000256e+02
3.213761152000000152e+02 2.694051071999999749e+02
3.336444864000000052e+02 2.720328432000000021e+02
3.441601919999999950e+02 2.711569392000000107e+02
3.555522559999999999e+02 2.685292031999999836e+02
3.573048768000000450e+02 2.571423360000000002e+02
3.511706944000000021e+02 2.492591280000000324e+02
3.502943807999999990e+02 2.247335807999999986e+02
0.000000000000000000e+00 0.000000000000000000e+00
6.390000000000000000e+02 0.000000000000000000e+00
0.000000000000000000e+00 4.790000000000000000e+02
6.390000000000000000e+02 4.790000000000000000e+02
