2.528225792000000069e+02 2.990664336000000390e+02
2.583387071999999876e+02 3.227338704000000007e+02
2.658548480000000040e+02 3.400821935999999823e+02
2.812741887999999904e+02 3.593001983999999993e+02
2.960483839999999987e+02 3.791631312000000094e+02
3.178870976000000041e+02 3.939968496000000187e+02
3.392096703999999932e+02 3.991563888000000020e+02
3.675967808000000332e+02 3.939968496000000187e+02
3.868225600000000099e+02 3.770687376000000199e+02
4.001774207999999931e+02 3.577204127999999628e+02
4.190806335999999988e+02 3.360170208000000116e+02
4.281774208000000499e+02 3.160889376000000084e+02
4.321128831999999989e+02 2.955158688000000211e+02
4.024354944000000387e+02 2.314708895999999925e+02
3.966290304000000333e+02 2.243764991999999836e+02
3.837258176000000276e+02 2.211517824000000019e+02
3.734032447999999818e+02 2.276012255999999923e+02
3.630806335999999988e+02 2.366304432000000020e+02
3.766290304000000333e+02 2.392102127999999936e+02
3.856612799999999766e+02 2.405001072000000022e+02
3.953387072000000444e+02 2.379203376000000105e+02
2.772741887999999904e+02 2.379203376000000105e+02
2.824354751999999849e+02 2.314708895999999925e+02
2.946935488000000305e+02 2.256663887999999929e+02
3.050161343999999985e+02 2.282461727999999823e+02
3.179193472000000042e+02 2.379203376000000105e+02
3.075967808000000332e+02 2.411450687999999900e+02
2.953387071999999876e+02 2.437248240000000123e+02
2.856612992000000304e+02 2.411450687999999900e+02
3.559838847999999416e+02 2.179270655999999917e+02
3.714677439999999820e+02 2.076079536000000019e+02
3.894032448000000386e+02 2.007382800000000032e+02
4.069515968000000612e+02 2.018034576000000015e+02
4.204999936000000389e+02 2.134124544000000014e+02
3.275967808000000332e+02 2.192169408000000033e+02
3.108225792000000069e+02 2.082529008000000204e+02
2.830806527999999958e+02 2.056731168000000025e+02
2.669516160000000013e+02 2.134124544000000014e+02
2.604999936000000389e+02 2.250214416000000028e+02
3.069516160000000013e+02 3.320821967999999629e+02
3.275967808000000332e+02 3.243428688000000193e+02
3.385645311999999763e+02 3.288574800000000096e+02
3.495322431999999822e+02 3.236979119999999739e+02
3.772742079999999874e+02 3.333720864000000006e+02
3.559838847999999416e+02 3.482058048000000099e+02
3.398548480000000040e+02 3.494956991999999900e+02
3.269515968000000612e+02 3.482058048000000099e+02
3.314677439999999820e+02 2.469495408000000225e+02
3.308225600000000099e+02 2.624282159999999635e+02
3.230806335999999988e+02 2.791967568000000028e+02
3.166290303999999765e+02 2.856462191999999618e+02
3.198548480000000040e+02 2.972552208000000178e+02
3.392096703999999932e+02 3.056394768000000113e+02
3.559838847999999416e+02 3.030596927999999934e+02
3.630806335999999988e+02 2.914507199999999898e+02
3.566290304000000333e+02 2.804866511999999830e+02
3.495322431999999822e+02 2.669428272000000106e+02
3.475967808000000332e+02 2.463046080000000018e+02
0.000000000000000000e+00 0.000000000000000000e+00
6.390000000000000000e+02 0.000000000000000000e+00
0.000000000000000000e+00 4.790000000000000000e+02
6.390000000000000000e+02 4.790000000000000000e+02
