2.604999936000000389e+02 3.230529791999999816e+02
2.682419391999999903e+02 3.443361263999999551e+02
2.837257984000000306e+02 3.636844560000000115e+02
3.017903168000000278e+02 3.746485247999999615e+02
3.224354944000000387e+02 3.810979535999999825e+02
3.430806335999999988e+02 3.849676319999999805e+02
3.637258176000000276e+02 3.849676319999999805e+02
3.888870975999999473e+02 3.810979535999999825e+02
4.056612799999999766e+02 3.701339135999999712e+02
4.192096703999999932e+02 3.611046959999999899e+02
4.388548480000000040e+02 3.474956976000000282e+02
4.508225600000000099e+02 3.262776960000000486e+02
4.546935680000000275e+02 3.056394768000000113e+02
4.230806335999999988e+02 2.166371712000000116e+02
4.153387072000000444e+02 2.076079536000000019e+02
4.004999936000000389e+02 2.030933472000000108e+02
3.901774207999999931e+02 2.056731168000000025e+02
3.798548480000000040e+02 2.147023344000000122e+02
3.888870975999999473e+02 2.205068351999999834e+02
4.004999936000000389e+02 2.243764991999999836e+02
4.140483840000000555e+02 2.256663887999999929e+02
2.824354751999999849e+02 2.224416719999999827e+02
2.895322623999999792e+02 2.140573871999999938e+02
3.011451519999999960e+02 2.076079536000000019e+02
3.146935488000000305e+02 2.114776176000000021e+02
3.250161343999999985e+02 2.217967247999999927e+02
3.153387071999999876e+02 2.256663887999999929e+02
3.017903168000000278e+02 2.263113359999999830e+02
2.921129023999999959e+02 2.276012255999999923e+02
3.714677439999999820e+02 1.869697391999999923e+02
3.901774207999999931e+02 1.708461264000000028e+02
4.101774207999999931e+02 1.727809536000000037e+02
4.243709567999999877e+02 1.779405072000000132e+02
4.430806335999999988e+02 2.076079536000000019e+02
3.314677439999999820e+02 1.895495087999999839e+02
3.056612992000000304e+02 1.727809536000000037e+02
2.882419391999999903e+02 1.785854544000000033e+02
2.746935488000000305e+02 1.837450079999999843e+02
2.624354751999999849e+02 2.069630112000000111e+02
3.127580671999999709e+02 3.198282623999999714e+02
3.450161343999999985e+02 3.004799376000000279e+02
3.553387072000000444e+02 3.024147600000000011e+02
3.643709567999999877e+02 2.991900432000000478e+02
3.979193472000000042e+02 3.127338672000000201e+02
3.682419199999999364e+02 3.217630848000000015e+02
3.566290304000000333e+02 3.243428688000000193e+02
3.430806335999999988e+02 3.236979119999999739e+02
3.353387072000000444e+02 2.198618879999999933e+02
3.314677439999999820e+02 2.488843919999999912e+02
3.250161343999999985e+02 2.604933935999999903e+02
3.269515968000000612e+02 2.733922560000000317e+02
3.398548480000000040e+02 2.746821504000000118e+02
3.508225600000000099e+02 2.785518287999999529e+02
3.592096703999999932e+02 2.759720399999999927e+02
3.746935680000000275e+02 2.746821504000000118e+02
3.779193472000000042e+02 2.579136096000000293e+02
3.734032447999999818e+02 2.456596463999999855e+02
3.663064575999999875e+02 2.198618879999999933e+02
0.000000000000000000e+00 0.000000000000000000e+00
6.390000000000000000e+02 0.000000000000000000e+00
0.000000000000000000e+00 4.790000000000000000e+02
6.390000000000000000e+02 4.790000000000000000e+02
