2.075967808000000048e+02 3.062844383999999991e+02
2.127580671999999709e+02 3.340170191999999929e+02
2.243709760000000131e+02 3.591698448000000212e+02
2.392096703999999932e+02 3.778732415999999716e+02
2.598548480000000040e+02 3.933518880000000308e+02
2.794354751999999849e+02 4.010260656000000381e+02
3.037257984000000306e+02 4.046710272000000259e+02
3.275967808000000332e+02 4.017361728000000198e+02
3.475322432000000390e+02 3.897721343999999704e+02
3.650161343999999985e+02 3.740035632000000305e+02
3.781451711999999930e+02 3.557855903999999896e+02
3.881774208000000499e+02 3.333720864000000006e+02
3.926935679999999707e+02 3.017698272000000088e+02
3.656612799999999766e+02 2.327607840000000010e+02
3.566290304000000333e+02 2.282461727999999823e+02
3.430806335999999988e+02 2.256663887999999929e+02
3.334032447999999818e+02 2.288911056000000031e+02
3.198548480000000040e+02 2.359855008000000112e+02
3.314677439999999820e+02 2.398551600000000121e+02
3.430806335999999988e+02 2.430798911999999916e+02
3.553387072000000444e+02 2.405001072000000022e+02
2.301774208000000215e+02 2.359855008000000112e+02
2.404999936000000105e+02 2.276012255999999923e+02
2.508225792000000069e+02 2.269562832000000014e+02
2.637257984000000306e+02 2.327607840000000010e+02
2.753387071999999876e+02 2.385652704000000028e+02
2.592096703999999932e+02 2.417899968000000115e+02
2.475967808000000048e+02 2.443697856000000286e+02
2.353387071999999876e+02 2.424349295999999754e+02
3.114677440000000388e+02 2.088978336000000127e+02
3.269515968000000612e+02 1.959989568000000020e+02
3.566290304000000333e+02 1.934191823999999826e+02
3.740483840000000555e+02 1.985787264000000221e+02
3.830806335999999988e+02 2.185719983999999840e+02
2.772741887999999904e+02 2.108326704000000120e+02
2.617903168000000278e+02 1.998686160000000029e+02
2.314677440000000104e+02 1.959989568000000020e+02
2.140483839999999987e+02 2.063180640000000210e+02
2.082419391999999903e+02 2.321158367999999825e+02
2.650161343999999985e+02 3.340170191999999929e+02
2.843709760000000415e+02 3.198282623999999714e+02
2.998548480000000040e+02 3.230529791999999816e+02
3.134032255999999848e+02 3.198282623999999714e+02
3.392096703999999932e+02 3.333720864000000006e+02
3.159838656000000015e+02 3.462709824000000367e+02
3.017903168000000278e+02 3.475608432000000221e+02
2.863064575999999875e+02 3.469159104000000298e+02
2.875967808000000332e+02 2.379203376000000105e+02
2.830806527999999958e+02 2.721023663999999940e+02
2.721129023999999959e+02 2.772619343999999728e+02
2.701774207999999931e+02 2.927405855999999744e+02
2.850161343999999985e+02 2.991900432000000478e+02
2.992096703999999932e+02 3.030596927999999934e+02
3.114677440000000388e+02 3.004799376000000279e+02
3.275967808000000332e+02 2.966102591999999731e+02
3.263064575999999875e+02 2.772619343999999728e+02
3.159838656000000015e+02 2.708125008000000093e+02
3.101774207999999931e+02 2.385652704000000028e+02
0.000000000000000000e+00 0.000000000000000000e+00
6.390000000000000000e+02 0.000000000000000000e+00
0.000000000000000000e+00 4.790000000000000000e+02
6.390000000000000000e+02 4.790000000000000000e+02
