2.295322623999999792e+02 3.049945439999999621e+02
2.346935488000000021e+02 3.236979119999999739e+02
2.411451519999999960e+02 3.482058048000000099e+02
2.488870976000000041e+02 3.701339135999999712e+02
2.669516160000000013e+02 3.952867391999999995e+02
2.934032255999999848e+02 4.191496751999999901e+02
3.275967808000000332e+02 4.262440703999999982e+02
3.611451712000000498e+02 4.191496751999999901e+02
3.830806335999999988e+02 3.965766336000000365e+02
4.004999936000000389e+02 3.714238080000000082e+02
4.094677440000000388e+02 3.479159136000000103e+02
4.150483839999999418e+02 3.240529775999999629e+02
4.179193472000000042e+02 3.056394768000000113e+02
3.940483840000000555e+02 2.456596463999999855e+02
3.863064575999999875e+02 2.372753904000000205e+02
3.753387072000000444e+02 2.366304432000000020e+02
3.650161343999999985e+02 2.398551600000000121e+02
3.559838847999999416e+02 2.495293248000000119e+02
3.630806335999999988e+02 2.521091088000000013e+02
3.753387072000000444e+02 2.540439311999999745e+02
3.875967808000000332e+02 2.521091088000000013e+02
2.604999936000000389e+02 2.456596463999999855e+02
2.650161343999999985e+02 2.385652704000000028e+02
2.779193472000000042e+02 2.359855008000000112e+02
2.921129023999999959e+02 2.411450687999999900e+02
3.017903168000000278e+02 2.488843919999999912e+02
2.869516160000000013e+02 2.527540416000000221e+02
2.766290303999999765e+02 2.553338256000000115e+02
2.663064575999999875e+02 2.521091088000000013e+02
3.488870975999999473e+02 2.263113359999999830e+02
3.637258176000000276e+02 2.192169408000000033e+02
3.792096703999999932e+02 2.192169408000000033e+02
3.914677439999999820e+02 2.217967247999999927e+02
4.037258176000000276e+02 2.282461727999999823e+02
3.037257984000000306e+02 2.250214416000000028e+02
2.895322623999999792e+02 2.179270655999999917e+02
2.734032255999999848e+02 2.179270655999999917e+02
2.637257984000000306e+02 2.192169408000000033e+02
2.527580671999999709e+02 2.243764991999999836e+02
2.895322623999999792e+02 3.533653439999999932e+02
3.185645119999999793e+02 3.391765871999999717e+02
3.288870975999999473e+02 3.430462656000000266e+02
3.398548480000000040e+02 3.372417647999999986e+02
3.688870975999999473e+02 3.533653439999999932e+02
3.417903168000000278e+02 3.662642399999999725e+02
3.295322431999999822e+02 3.669091968000000179e+02
3.159838656000000015e+02 3.656193072000000370e+02
3.127580671999999709e+02 2.572686479999999847e+02
3.101774207999999931e+02 2.888709360000000288e+02
2.998548480000000040e+02 2.991900432000000478e+02
2.985645119999999793e+02 3.159585839999999735e+02
3.146935488000000305e+02 3.178934112000000027e+02
3.256612799999999766e+02 3.191833007999999836e+02
3.385645311999999763e+02 3.178934112000000027e+02
3.553387072000000444e+02 3.172484784000000104e+02
3.553387072000000444e+02 2.972552208000000178e+02
3.443709567999999877e+02 2.895158688000000211e+02
3.450161343999999985e+02 2.540439311999999745e+02
0.000000000000000000e+00 0.000000000000000000e+00
6.390000000000000000e+02 0.000000000000000000e+00
0.000000000000000000e+00 4.790000000000000000e+02
6.390000000000000000e+02 4.790000000000000000e+02
