2.243709760000000131e+02 3.004799376000000279e+02
2.295322623999999792e+02 3.224080175999999938e+02
2.385645119999999793e+02 3.475608432000000221e+02
2.534032256000000132e+02 3.669091968000000179e+02
2.701774207999999931e+02 3.830328096000000073e+02
2.927580671999999709e+02 3.958665263999999979e+02
3.192096703999999932e+02 3.998013504000000466e+02
3.450806335999999988e+02 3.942215663999999720e+02
3.650161343999999985e+02 3.817429151999999704e+02
3.824354944000000387e+02 3.617496287999999822e+02
3.949193472000000611e+02 3.444013056000000006e+02
4.049515968000000044e+02 3.235383696000000100e+02
4.098870976000000041e+02 3.016102607999999918e+02
3.863064575999999875e+02 2.288911056000000031e+02
3.772742079999999874e+02 2.224416719999999827e+02
3.669515968000000612e+02 2.185719983999999840e+02
3.566290304000000333e+02 2.217967247999999927e+02
3.417903168000000278e+02 2.295360527999999931e+02
3.514677439999999820e+02 2.353405536000000211e+02
3.656612799999999766e+02 2.359855008000000112e+02
3.785645311999999763e+02 2.346956064000000026e+02
2.514677440000000104e+02 2.295360527999999931e+02
2.572741887999999904e+02 2.224416719999999827e+02
2.695322623999999792e+02 2.185719983999999840e+02
2.817903168000000278e+02 2.250214416000000028e+02
2.946935488000000305e+02 2.340506592000000126e+02
2.817903168000000278e+02 2.366304432000000020e+02
2.669516160000000013e+02 2.366304432000000020e+02
2.611451519999999960e+02 2.327607840000000010e+02
3.398548480000000040e+02 2.063180640000000210e+02
3.508225600000000099e+02 1.972888463999999829e+02
3.714677439999999820e+02 1.934191823999999826e+02
3.888870975999999473e+02 1.985787264000000221e+02
4.043709567999999877e+02 2.185719983999999840e+02
2.966290303999999765e+02 2.043832272000000216e+02
2.766290303999999765e+02 1.934191823999999826e+02
2.546935488000000021e+02 1.914843455999999833e+02
2.424354751999999849e+02 1.966438991999999928e+02
2.314677440000000104e+02 2.140573871999999938e+02
2.850161343999999985e+02 3.288574800000000096e+02
3.095322623999999792e+02 3.127338672000000201e+02
3.166290303999999765e+02 3.172484784000000104e+02
3.282419199999999364e+02 3.140237616000000003e+02
3.534032447999999818e+02 3.282125184000000218e+02
3.295322431999999822e+02 3.424013039999999819e+02
3.172741887999999904e+02 3.424013039999999819e+02
3.043709760000000415e+02 3.417563711999999896e+02
3.075967808000000332e+02 2.340506592000000126e+02
3.037257984000000306e+02 2.630731488000000127e+02
2.921129023999999959e+02 2.753271119999999996e+02
2.959838656000000015e+02 2.920956528000000390e+02
3.075967808000000332e+02 2.914507199999999898e+02
3.192096703999999932e+02 2.933855424000000198e+02
3.288870975999999473e+02 2.927405855999999744e+02
3.411451712000000498e+02 2.940304752000000121e+02
3.443709567999999877e+02 2.772619343999999728e+02
3.340483840000000555e+02 2.643630431999999928e+02
3.334032447999999818e+02 2.334057263999999918e+02
0.000000000000000000e+00 0.000000000000000000e+00
6.390000000000000000e+02 0.000000000000000000e+00
0.000000000000000000e+00 4.790000000000000000e+02
6.390000000000000000e+02 4.790000000000000000e+02
