2.404999936000000105e+02 3.333720864000000006e+02
2.463064575999999875e+02 3.565900895999999989e+02
2.566290303999999765e+02 3.772283088000000362e+02
2.695322623999999792e+02 4.004462831999999821e+02
2.850161343999999985e+02 4.146350687999999991e+02
3.101774207999999931e+02 4.281788927999999714e+02
3.392096703999999932e+02 4.294687824000000091e+02
3.675967808000000332e+02 4.268889983999999913e+02
3.940483840000000555e+02 4.127002415999999698e+02
4.127580671999999709e+02 3.959316719999999918e+02
4.217903168000000278e+02 3.830328096000000073e+02
4.321128831999999989e+02 3.565900895999999989e+02
4.366290304000000333e+02 3.333720864000000006e+02
4.114677439999999820e+02 2.559787824000000001e+02
4.043709567999999877e+02 2.463046080000000018e+02
3.921128831999999989e+02 2.430798911999999916e+02
3.798548480000000040e+02 2.469495408000000225e+02
3.688870975999999473e+02 2.540439311999999745e+02
3.779193472000000042e+02 2.592034992000000102e+02
3.914677439999999820e+02 2.637181104000000005e+02
4.030806335999999988e+02 2.624282159999999635e+02
2.766290303999999765e+02 2.546888927999999908e+02
2.830806527999999958e+02 2.443697856000000286e+02
2.972741887999999904e+02 2.424349295999999754e+02
3.088870976000000041e+02 2.456596463999999855e+02
3.185645119999999793e+02 2.553338256000000115e+02
3.095322623999999792e+02 2.585585423999999648e+02
2.972741887999999904e+02 2.604933935999999903e+02
2.863064575999999875e+02 2.604933935999999903e+02
3.650161343999999985e+02 2.321158367999999825e+02
3.843709567999999877e+02 2.192169408000000033e+02
4.017903168000000278e+02 2.192169408000000033e+02
4.172742079999999874e+02 2.230866192000000012e+02
4.288870975999999473e+02 2.366304432000000020e+02
3.263064575999999875e+02 2.276012255999999923e+02
3.095322623999999792e+02 2.185719983999999840e+02
2.869516160000000013e+02 2.153472816000000023e+02
2.734032255999999848e+02 2.185719983999999840e+02
2.572741887999999904e+02 2.366304432000000020e+02
3.011451519999999960e+02 3.578799839999999790e+02
3.340483840000000555e+02 3.430462656000000266e+02
3.417903168000000278e+02 3.475608432000000221e+02
3.514677439999999820e+02 3.417563711999999896e+02
3.798548480000000040e+02 3.604597392000000013e+02
3.611451712000000498e+02 3.707788464000000204e+02
3.456612799999999766e+02 3.707788464000000204e+02
3.282419199999999364e+02 3.688440240000000472e+02
3.321128831999999989e+02 2.572686479999999847e+02
3.250161343999999985e+02 2.888709360000000288e+02
3.134032255999999848e+02 3.017698272000000088e+02
3.127580671999999709e+02 3.185383679999999913e+02
3.256612799999999766e+02 3.198282623999999714e+02
3.404999936000000389e+02 3.198282623999999714e+02
3.546935680000000275e+02 3.198282623999999714e+02
3.663064575999999875e+02 3.198282623999999714e+02
3.701774207999999931e+02 3.056394768000000113e+02
3.604999936000000389e+02 2.946754367999999999e+02
3.553387072000000444e+02 2.579136096000000293e+02
0.000000000000000000e+00 0.000000000000000000e+00
6.390000000000000000e+02 0.000000000000000000e+00
0.000000000000000000e+00 4.790000000000000000e+02
6.390000000000000000e+02 4.790000000000000000e+02
