2.319923199999999781e+02 3.053175264000000197e+02
2.372501952000000074e+02 3.237116736000000401e+02
2.468896128000000090e+02 3.473613167999999973e+02
2.635395455999999967e+02 3.710109600000000114e+02
2.810657664000000295e+02 3.885292031999999836e+02
3.073551167999999620e+02 3.946605792000000292e+02
3.345208000000000084e+02 3.955365072000000168e+02
3.608101247999999828e+02 3.946605792000000292e+02
3.774600576000000274e+02 3.885292031999999836e+02
3.932336831999999731e+02 3.727627679999999941e+02
4.072546367999999575e+02 3.499890527999999676e+02
4.177703872000000160e+02 3.254635055999999622e+02
4.195230080000000044e+02 3.061934304000000111e+02
3.967389312000000245e+02 2.273613167999999973e+02
3.914810560000000237e+02 2.203540128000000209e+02
3.809653120000000399e+02 2.150985407999999950e+02
3.660679999999999836e+02 2.177262767999999937e+02
3.581811903999999913e+02 2.264853984000000082e+02
3.678206271999999899e+02 2.291131343999999785e+02
3.774600576000000274e+02 2.291131343999999785e+02
3.879758079999999723e+02 2.291131343999999785e+02
2.565290431999999896e+02 2.264853984000000082e+02
2.635395455999999967e+02 2.203540128000000209e+02
2.766842240000000288e+02 2.150985407999999950e+02
2.880762687999999798e+02 2.194780992000000026e+02
3.003446400000000267e+02 2.273613167999999973e+02
2.889525823999999830e+02 2.282372207999999887e+02
2.766842240000000288e+02 2.317408704000000057e+02
2.670447935999999913e+02 2.308649663999999859e+02
3.511706944000000021e+02 2.063394191999999805e+02
3.590575039999999944e+02 1.940766480000000058e+02
3.984915136000000189e+02 1.914489119999999787e+02
4.055020160000000260e+02 2.002080335999999932e+02
4.107598848000000089e+02 2.142226271999999767e+02
3.056024959999999737e+02 2.080912415999999894e+02
2.977156992000000173e+02 1.949525519999999972e+02
2.609106047999999873e+02 1.905729983999999888e+02
2.521475008000000173e+02 1.984562015999999858e+02
2.451370047999999997e+02 2.124708095999999955e+02
2.907052032000000281e+02 3.237116736000000401e+02
3.196234880000000089e+02 3.114488976000000093e+02
3.301392383999999538e+02 3.140766336000000365e+02
3.397786687999999913e+02 3.123248303999999962e+02
3.713258752000000413e+02 3.210839376000000129e+02
3.520470016000000442e+02 3.412299168000000122e+02
3.336444864000000052e+02 3.438576527999999826e+02
3.169945536000000175e+02 3.429817487999999912e+02
3.143656128000000081e+02 2.186021952000000113e+02
3.161182400000000143e+02 2.545146000000000015e+02
3.056024959999999737e+02 2.667773712000000046e+02
3.047261823999999706e+02 2.860474512000000118e+02
3.169945536000000175e+02 2.860474512000000118e+02
3.310155455999999958e+02 2.895510864000000311e+02
3.467891328000000613e+02 2.860474512000000118e+02
3.564285631999999850e+02 2.851715472000000204e+02
3.502943807999999990e+02 2.650255392000000256e+02
3.415312959999999975e+02 2.536386960000000101e+02
3.415312959999999975e+02 2.221058447999999999e+02
0.000000000000000000e+00 0.000000000000000000e+00
6.390000000000000000e+02 0.000000000000000000e+00
0.000000000000000000e+00 4.790000000000000000e+02
6.390000000000000000e+02 4.790000000000000000e+02
