2.214765759999999943e+02 3.044415936000000329e+02
2.241055104000000142e+02 3.254635055999999622e+02
2.328686336000000097e+02 3.464854128000000060e+02
2.486422527999999943e+02 3.701350320000000238e+02
2.644158528000000388e+02 3.885292031999999836e+02
2.880762687999999798e+02 4.025437823999999978e+02
3.161182400000000143e+02 4.060474512000000118e+02
3.441601919999999950e+02 3.955365072000000168e+02
3.634390655999999922e+02 3.841496352000000343e+02
3.827179327999999714e+02 3.666313920000000053e+02
3.932336831999999731e+02 3.482372207999999887e+02
4.028730752000000166e+02 3.298430736000000252e+02
4.080072640000000206e+02 3.038211648000000196e+02
3.853468735999999808e+02 2.264853984000000082e+02
3.774600576000000274e+02 2.203540128000000209e+02
3.660679999999999836e+02 2.194780992000000026e+02
3.537996287999999936e+02 2.186021952000000113e+02
3.441601919999999950e+02 2.256094848000000184e+02
3.529233151999999905e+02 2.291131343999999785e+02
3.651916863999999805e+02 2.308649663999999859e+02
3.748311231999999791e+02 2.299890527999999961e+02
2.451370047999999997e+02 2.264853984000000082e+02
2.521475008000000173e+02 2.212299312000000100e+02
2.644158528000000388e+02 2.159744591999999841e+02
2.749316032000000405e+02 2.186021952000000113e+02
2.854473279999999704e+02 2.256094848000000184e+02
2.749316032000000405e+02 2.282372207999999887e+02
2.644158528000000388e+02 2.282372207999999887e+02
2.556527360000000044e+02 2.291131343999999785e+02
3.345208000000000084e+02 2.107189728000000173e+02
3.459128575999999953e+02 1.993321200000000033e+02
3.748311231999999791e+02 1.984562015999999858e+02
3.862231808000000228e+02 2.072153232000000003e+02
3.967389312000000245e+02 2.221058447999999999e+02
2.959630784000000290e+02 2.080912415999999894e+02
2.889525823999999830e+02 1.993321200000000033e+02
2.635395455999999967e+02 1.949525519999999972e+02
2.425080704000000082e+02 1.993321200000000033e+02
2.372501952000000074e+02 2.133467087999999876e+02
2.670447935999999913e+02 3.272153375999999980e+02
2.985920128000000204e+02 3.061934304000000111e+02
3.134893055999999660e+02 3.096970944000000259e+02
3.196234880000000089e+02 3.079452623999999901e+02
3.581811903999999913e+02 3.272153375999999980e+02
3.301392383999999538e+02 3.333467087999999876e+02
3.152419264000000112e+02 3.350985408000000234e+02
3.003446400000000267e+02 3.368503776000000016e+02
3.038498879999999644e+02 2.238576671999999803e+02
2.994683264000000236e+02 2.475072959999999966e+02
2.845710207999999852e+02 2.597700671999999713e+02
2.828183935999999790e+02 2.842956143999999767e+02
2.959630784000000290e+02 2.851715472000000204e+02
3.126129920000000197e+02 2.877992831999999908e+02
3.283866111999999475e+02 2.825437823999999978e+02
3.406549823999999944e+02 2.851715472000000204e+02
3.459128575999999953e+02 2.632737359999999853e+02
3.292629248000000075e+02 2.510109600000000114e+02
3.310155455999999958e+02 2.247335807999999986e+02
0.000000000000000000e+00 0.000000000000000000e+00
6.390000000000000000e+02 0.000000000000000000e+00
0.000000000000000000e+00 4.790000000000000000e+02
6.390000000000000000e+02 4.790000000000000000e+02
