2.319923199999999781e+02 3.167043696000000068e+02
2.346212608000000159e+02 3.350985408000000234e+02
2.451370047999999997e+02 3.543686207999999738e+02
2.652921664000000419e+02 3.762664320000000089e+02
2.880762687999999798e+02 3.850255392000000256e+02
3.126129920000000197e+02 3.911569392000000107e+02
3.310155455999999958e+02 3.920328432000000021e+02
3.546759423999999399e+02 3.859014720000000125e+02
3.730784959999999728e+02 3.753904992000000220e+02
3.897284288000000174e+02 3.640036559999999781e+02
4.055020160000000260e+02 3.508649520000000166e+02
4.107598848000000089e+02 3.342226416000000313e+02
4.151414463999999498e+02 3.123248303999999962e+02
3.809653120000000399e+02 2.194780992000000026e+02
3.730784959999999728e+02 2.133467087999999876e+02
3.590575039999999944e+02 2.107189728000000173e+02
3.485417535999999927e+02 2.150985407999999950e+02
3.371497343999999998e+02 2.221058447999999999e+02
3.459128575999999953e+02 2.256094848000000184e+02
3.590575039999999944e+02 2.264853984000000082e+02
3.704495615999999814e+02 2.229817487999999912e+02
2.521475008000000173e+02 2.299890527999999961e+02
2.609106047999999873e+02 2.203540128000000209e+02
2.714263551999999891e+02 2.159744591999999841e+02
2.845710207999999852e+02 2.159744591999999841e+02
2.933341375999999627e+02 2.264853984000000082e+02
2.836947071999999821e+02 2.291131343999999785e+02
2.731789759999999774e+02 2.308649663999999859e+02
2.617869183999999905e+02 2.326167887999999948e+02
3.371497343999999998e+02 2.045875871999999731e+02
3.494180671999999959e+02 1.932007295999999883e+02
3.783363711999999737e+02 1.905729983999999888e+02
3.888521216000000322e+02 1.958284656000000155e+02
3.949863040000000183e+02 2.098430591999999990e+02
2.977156992000000173e+02 2.037116736000000117e+02
2.871999552000000335e+02 1.932007295999999883e+02
2.574053567999999927e+02 1.967043840000000046e+02
2.460133184000000028e+02 2.054635055999999906e+02
2.398791295999999988e+02 2.177262767999999937e+02
2.836947071999999821e+02 3.245876016000000277e+02
3.161182400000000143e+02 3.026897903999999926e+02
3.275102976000000012e+02 3.044415936000000329e+02
3.345208000000000084e+02 3.026897903999999926e+02
3.643153791999999385e+02 3.149525663999999665e+02
3.406549823999999944e+02 3.184562015999999858e+02
3.283866111999999475e+02 3.219598656000000005e+02
3.143656128000000081e+02 3.228357695999999919e+02
3.091077440000000252e+02 2.212299312000000100e+02
3.038498879999999644e+02 2.448795599999999979e+02
2.924578303999999775e+02 2.615219040000000064e+02
2.942104511999999659e+02 2.766678815999999870e+02
3.091077440000000252e+02 2.764124112000000082e+02
3.212524288000000183e+02 2.789160479999999893e+02
3.345208000000000084e+02 2.764124112000000082e+02
3.485417535999999927e+02 2.722883136000000377e+02
3.494180671999999959e+02 2.553904991999999936e+02
3.371497343999999998e+02 2.457554640000000177e+02
3.301392383999999538e+02 2.221058447999999999e+02
0.000000000000000000e+00 0.000000000000000000e+00
6.390000000000000000e+02 0.000000000000000000e+00
0.000000000000000000e+00 4.790000000000000000e+02
6.390000000000000000e+02 4.790000000000000000e+02
