2.295967808000000048e+02 3.270529776000000197e+02
2.400806527999999958e+02 3.539159136000000103e+02
2.544354751999999849e+02 3.710395199999999818e+02
2.702096703999999932e+02 3.905833488000000102e+02
2.906290303999999765e+02 4.030620240000000081e+02
3.126935488000000305e+02 4.122507839999999533e+02
3.404354943999999819e+02 4.161856367999999975e+02
3.688870975999999473e+02 4.086710255999999504e+02
3.948870976000000041e+02 3.979024560000000292e+02
4.087903167999999710e+02 3.827788464000000204e+02
4.246290304000000333e+02 3.634305215999999632e+02
4.321128831999999989e+02 3.458574768000000290e+02
4.414354944000000387e+02 3.254439792000000011e+02
4.063064575999999875e+02 2.417899968000000115e+02
4.030806335999999988e+02 2.334057263999999918e+02
3.927580671999999709e+02 2.263113359999999830e+02
3.817903168000000278e+02 2.269562832000000014e+02
3.656612799999999766e+02 2.334057263999999918e+02
3.746935680000000275e+02 2.379203376000000105e+02
3.875967808000000332e+02 2.411450687999999900e+02
3.979193472000000042e+02 2.437248240000000123e+02
2.663064575999999875e+02 2.346956064000000026e+02
2.714677440000000388e+02 2.288911056000000031e+02
2.837257984000000306e+02 2.237315519999999935e+02
2.985645119999999793e+02 2.263113359999999830e+02
3.095322623999999792e+02 2.327607840000000010e+02
2.979193472000000042e+02 2.379203376000000105e+02
2.875967808000000332e+02 2.379203376000000105e+02
2.759838656000000015e+02 2.385652704000000028e+02
3.637258176000000276e+02 2.095427808000000027e+02
3.753387072000000444e+02 2.018034576000000015e+02
3.914677439999999820e+02 1.972888463999999829e+02
4.082419199999999364e+02 1.998686160000000029e+02
4.204999936000000389e+02 2.224416719999999827e+02
3.140483839999999987e+02 2.108326704000000120e+02
3.004999936000000389e+02 2.018034576000000015e+02
2.804999936000000389e+02 1.959989568000000020e+02
2.650161343999999985e+02 2.011585104000000115e+02
2.546935488000000021e+02 2.217967247999999927e+02
2.953387071999999876e+02 3.327271247999999559e+02
3.327580671999999709e+02 3.217630848000000015e+02
3.411451712000000498e+02 3.236979119999999739e+02
3.553387072000000444e+02 3.217630848000000015e+02
3.798548480000000040e+02 3.288574800000000096e+02
3.585645311999999763e+02 3.507855887999999709e+02
3.469515968000000612e+02 3.520754832000000079e+02
3.334032447999999818e+02 3.514305216000000200e+02
3.243709567999999877e+02 2.372753904000000205e+02
3.224354944000000387e+02 2.682327167999999915e+02
3.114677440000000388e+02 2.695226112000000285e+02
3.075967808000000332e+02 2.908057584000000020e+02
3.269515968000000612e+02 2.998349759999999833e+02
3.411451712000000498e+02 3.017698272000000088e+02
3.546935680000000275e+02 3.004799376000000279e+02
3.708225600000000099e+02 2.927405855999999744e+02
3.663064575999999875e+02 2.708125008000000093e+02
3.572742079999999874e+02 2.675877552000000037e+02
3.514677439999999820e+02 2.385652704000000028e+02
0.000000000000000000e+00 0.000000000000000000e+00
6.390000000000000000e+02 0.000000000000000000e+00
0.000000000000000000e+00 4.790000000000000000e+02
6.390000000000000000e+02 4.790000000000000000e+02
