2.221451519999999960e+02 2.908417200000000093e+02
2.250161343999999985e+02 3.120889392000000271e+02
2.334032256000000132e+02 3.346619808000000376e+02
2.482419391999999903e+02 3.572350224000000480e+02
2.663064575999999875e+02 3.772283088000000362e+02
2.869516160000000013e+02 3.914170656000000008e+02
3.220806335999999419e+02 3.974462831999999821e+02
3.566290304000000333e+02 3.914170656000000008e+02
3.830806335999999988e+02 3.765833471999999915e+02
3.997258175999999708e+02 3.619451280000000111e+02
4.159193471999999474e+02 3.399518735999999990e+02
4.256612799999999766e+02 3.175091519999999718e+02
4.304677439999999820e+02 2.917113648000000126e+02
3.863064575999999875e+02 2.314708895999999925e+02
3.779193472000000042e+02 2.250214416000000028e+02
3.688870975999999473e+02 2.224416719999999827e+02
3.592096703999999932e+02 2.237315519999999935e+02
3.514677439999999820e+02 2.263113359999999830e+02
3.592096703999999932e+02 2.301809999999999832e+02
3.682419199999999364e+02 2.321158367999999825e+02
3.785645311999999763e+02 2.334057263999999918e+02
2.650161343999999985e+02 2.256663887999999929e+02
2.746935488000000305e+02 2.211517824000000019e+02
2.856612992000000304e+02 2.211517824000000019e+02
2.927580671999999709e+02 2.237315519999999935e+02
3.037257984000000306e+02 2.256663887999999929e+02
2.940483839999999987e+02 2.288911056000000031e+02
2.837257984000000306e+02 2.301809999999999832e+02
2.753387071999999876e+02 2.295360527999999931e+02
3.392096703999999932e+02 2.037382800000000032e+02
3.527580671999999709e+02 1.953540095999999835e+02
3.746935680000000275e+02 1.959989568000000020e+02
3.908225600000000099e+02 2.030933472000000108e+02
4.004999936000000389e+02 2.095427808000000027e+02
3.082419391999999903e+02 2.063180640000000210e+02
2.940483839999999987e+02 1.972888463999999829e+02
2.804999936000000389e+02 1.901944560000000024e+02
2.669516160000000013e+02 1.921292928000000018e+02
2.553387071999999876e+02 1.985787264000000221e+02
2.850161343999999985e+02 3.095091552000000092e+02
3.134032255999999848e+02 3.017698272000000088e+02
3.217903168000000278e+02 3.062844383999999991e+02
3.327580671999999709e+02 3.017698272000000088e+02
3.604999936000000389e+02 3.114439775999999824e+02
3.340483840000000555e+02 3.159585839999999735e+02
3.217903168000000278e+02 3.153136560000000372e+02
3.101774207999999931e+02 3.146686943999999926e+02
3.114677440000000388e+02 2.295360527999999931e+02
3.063064575999999875e+02 2.514641471999999851e+02
2.953387071999999876e+02 2.611383264000000395e+02
2.946935488000000305e+02 2.733922560000000317e+02
3.024354751999999849e+02 2.811316128000000276e+02
3.204999936000000389e+02 2.804866511999999830e+02
3.392096703999999932e+02 2.811316128000000276e+02
3.501774207999999931e+02 2.714574336000000017e+02
3.488870975999999473e+02 2.604933935999999903e+02
3.385645311999999763e+02 2.540439311999999745e+02
3.353387072000000444e+02 2.308259423999999740e+02
0.000000000000000000e+00 0.000000000000000000e+00
6.390000000000000000e+02 0.000000000000000000e+00
0.000000000000000000e+00 4.790000000000000000e+02
6.390000000000000000e+02 4.790000000000000000e+02
