2.221451519999999960e+02 3.249585839999999735e+02
2.303064575999999875e+02 3.459518735999999990e+02
2.385645119999999793e+02 3.623945616000000314e+02
2.524032255999999848e+02 3.815181695999999647e+02
2.682419391999999903e+02 4.004462831999999821e+02
2.875967808000000332e+02 4.165698912000000291e+02
3.166290303999999765e+02 4.216642847999999617e+02
3.450161343999999985e+02 4.159249583999999800e+02
3.682419199999999364e+02 3.959316719999999918e+02
3.817258176000000276e+02 3.764889552000000208e+02
3.932096703999999932e+02 3.542709791999999993e+02
4.045967808000000332e+02 3.287630879999999820e+02
4.124677439999999820e+02 3.047698272000000088e+02
3.682419199999999364e+02 2.514641471999999851e+02
3.617903168000000278e+02 2.456596463999999855e+02
3.514677439999999820e+02 2.443697856000000286e+02
3.411451712000000498e+02 2.475944976000000111e+02
3.295322431999999822e+02 2.559787824000000001e+02
3.385645311999999763e+02 2.566237152000000492e+02
3.488870975999999473e+02 2.598484320000000025e+02
3.592096703999999932e+02 2.585585423999999648e+02
2.443709760000000131e+02 2.669428272000000106e+02
2.495322623999999792e+02 2.598484320000000025e+02
2.630806527999999958e+02 2.527540416000000221e+02
2.734032255999999848e+02 2.540439311999999745e+02
2.843709760000000415e+02 2.598484320000000025e+02
2.759838656000000015e+02 2.637181104000000005e+02
2.656612992000000304e+02 2.669428272000000106e+02
2.553387071999999876e+02 2.682327167999999915e+02
3.198548480000000040e+02 2.450147136000000216e+02
3.417903168000000278e+02 2.327607840000000010e+02
3.663064575999999875e+02 2.282461727999999823e+02
3.804999936000000389e+02 2.372753904000000205e+02
3.895322431999999822e+02 2.456596463999999855e+02
2.927580671999999709e+02 2.482394303999999750e+02
2.650161343999999985e+02 2.372753904000000205e+02
2.443709760000000131e+02 2.398551600000000121e+02
2.359838656000000015e+02 2.495293248000000119e+02
2.321129023999999959e+02 2.592034992000000102e+02
2.837257984000000306e+02 3.514305216000000200e+02
3.011451519999999960e+02 3.430462656000000266e+02
3.108225792000000069e+02 3.449810879999999997e+02
3.198548480000000040e+02 3.424013039999999819e+02
3.463064575999999875e+02 3.462709824000000367e+02
3.263064575999999875e+02 3.617496287999999822e+02
3.127580671999999709e+02 3.643294128000000001e+02
2.985645119999999793e+02 3.623945616000000314e+02
2.953387071999999876e+02 2.650080000000000382e+02
2.934032255999999848e+02 2.869361135999999988e+02
2.882419391999999903e+02 2.979001536000000101e+02
2.869516160000000013e+02 3.140237616000000003e+02
2.953387071999999876e+02 3.178934112000000027e+02
3.105967808000000332e+02 3.232776959999999917e+02
3.211451712000000498e+02 3.178934112000000027e+02
3.334032447999999818e+02 3.146686943999999926e+02
3.340483840000000555e+02 3.037046544000000381e+02
3.237258176000000276e+02 2.869361135999999988e+02
3.185645119999999793e+02 2.624282159999999635e+02
0.000000000000000000e+00 0.000000000000000000e+00
6.390000000000000000e+02 0.000000000000000000e+00
0.000000000000000000e+00 4.790000000000000000e+02
6.390000000000000000e+02 4.790000000000000000e+02
