1.770483776000000091e+02 3.230304911999999717e+02
1.825645056000000181e+02 3.520170287999999914e+02
1.927580671999999709e+02 3.778732415999999716e+02
2.056935487999999737e+02 3.943159679999999980e+02
2.274677375999999924e+02 4.082148575999999593e+02
2.493387072000000160e+02 4.175631600000000390e+02
2.792741952000000083e+02 4.220126112000000376e+02
3.052741952000000083e+02 4.178530799999999772e+02
3.281451903999999899e+02 4.069901327999999694e+02
3.479838847999999984e+02 3.915474239999999782e+02
3.608225727999999890e+02 3.765901008000000161e+02
3.695645119999999793e+02 3.559878143999999907e+02
3.767258047999999917e+02 3.294507120000000100e+02
3.546935680000000275e+02 2.488843919999999912e+02
3.456612799999999766e+02 2.372753904000000205e+02
3.321128831999999989e+02 2.327607840000000010e+02
3.192096703999999932e+02 2.366304432000000020e+02
3.075967808000000332e+02 2.475944976000000111e+02
3.237258176000000276e+02 2.508192144000000212e+02
3.385645311999999763e+02 2.540439311999999745e+02
3.482419199999999364e+02 2.521091088000000013e+02
2.121129023999999959e+02 2.430798911999999916e+02
2.224354751999999849e+02 2.346956064000000026e+02
2.353387071999999876e+02 2.288911056000000031e+02
2.501774208000000215e+02 2.321158367999999825e+02
2.624354751999999849e+02 2.456596463999999855e+02
2.475967808000000048e+02 2.488843919999999912e+02
2.359838656000000015e+02 2.495293248000000119e+02
2.250161343999999985e+02 2.488843919999999912e+02
3.050161343999999985e+02 2.205068351999999834e+02
3.263064575999999875e+02 2.108326704000000120e+02
3.546935680000000275e+02 2.095427808000000027e+02
3.688870975999999473e+02 2.185719983999999840e+02
3.766290304000000333e+02 2.385652704000000028e+02
2.714677440000000388e+02 2.250214416000000028e+02
2.475967808000000048e+02 2.050281696000000125e+02
2.211451519999999960e+02 2.056731168000000025e+02
2.063064575999999875e+02 2.088978336000000127e+02
1.901774208000000215e+02 2.224416719999999827e+02
2.372741887999999904e+02 3.430462656000000266e+02
2.630806527999999958e+02 3.256327631999999994e+02
2.804999936000000389e+02 3.295024128000000019e+02
2.921129023999999959e+02 3.262776960000000486e+02
3.224354944000000387e+02 3.443361263999999551e+02
3.004999936000000389e+02 3.623945616000000314e+02
2.804999936000000389e+02 3.662642399999999725e+02
2.592096703999999932e+02 3.623945616000000314e+02
2.721129023999999959e+02 2.501742816000000005e+02
2.650161343999999985e+02 2.779068672000000220e+02
2.566290303999999765e+02 2.946754367999999999e+02
2.624354751999999849e+02 3.017698272000000088e+02
2.740483839999999987e+02 3.043495824000000312e+02
2.850161343999999985e+02 3.082192607999999723e+02
2.940483839999999987e+02 3.043495824000000312e+02
3.056612992000000304e+02 3.030596927999999934e+02
3.101774207999999931e+02 2.927405855999999744e+02
3.037257984000000306e+02 2.798417183999999907e+02
2.972741887999999904e+02 2.495293248000000119e+02
0.000000000000000000e+00 0.000000000000000000e+00
6.390000000000000000e+02 0.000000000000000000e+00
0.000000000000000000e+00 4.790000000000000000e+02
6.390000000000000000e+02 4.790000000000000000e+02
