2.411451519999999960e+02 2.914507199999999898e+02
2.430806527999999958e+02 3.120889392000000271e+02
2.508225792000000069e+02 3.372417647999999986e+02
2.669516160000000013e+02 3.604597392000000013e+02
2.830806527999999958e+02 3.830328096000000073e+02
3.050161343999999985e+02 3.991563888000000020e+02
3.288870975999999473e+02 4.043159567999999808e+02
3.488870975999999473e+02 3.991563888000000020e+02
3.630806335999999988e+02 3.843226703999999927e+02
3.798548480000000040e+02 3.617496287999999822e+02
3.953387072000000444e+02 3.346619808000000376e+02
4.024354944000000387e+02 3.114439775999999824e+02
4.037258176000000276e+02 2.875810416000000487e+02
3.811451712000000498e+02 2.405001072000000022e+02
3.740483840000000555e+02 2.346956064000000026e+02
3.630806335999999988e+02 2.308259423999999740e+02
3.514677439999999820e+02 2.321158367999999825e+02
3.424354944000000387e+02 2.405001072000000022e+02
3.527580671999999709e+02 2.424349295999999754e+02
3.611451712000000498e+02 2.443697856000000286e+02
3.701774207999999931e+02 2.417899968000000115e+02
2.637257984000000306e+02 2.430798911999999916e+02
2.701774207999999931e+02 2.366304432000000020e+02
2.811451519999999960e+02 2.334057263999999918e+02
2.934032255999999848e+02 2.359855008000000112e+02
3.030806527999999958e+02 2.430798911999999916e+02
2.934032255999999848e+02 2.456596463999999855e+02
2.824354751999999849e+02 2.475944976000000111e+02
2.714677440000000388e+02 2.463046080000000018e+02
3.379193472000000042e+02 2.250214416000000028e+02
3.508225600000000099e+02 2.179270655999999917e+02
3.746935680000000275e+02 2.114776176000000021e+02
3.850161343999999985e+02 2.198618879999999933e+02
3.921128831999999989e+02 2.288911056000000031e+02
3.050161343999999985e+02 2.276012255999999923e+02
2.927580671999999709e+02 2.192169408000000033e+02
2.701774207999999931e+02 2.179270655999999917e+02
2.546935488000000021e+02 2.224416719999999827e+02
2.495322623999999792e+02 2.340506592000000126e+02
2.940483839999999987e+02 3.340170191999999929e+02
3.172741887999999904e+02 3.236979119999999739e+02
3.237258176000000276e+02 3.262776960000000486e+02
3.334032447999999818e+02 3.230529791999999816e+02
3.566290304000000333e+02 3.282125184000000218e+02
3.359838847999999416e+02 3.436911983999999620e+02
3.243709567999999877e+02 3.475608432000000221e+02
3.114677440000000388e+02 3.462709824000000367e+02
3.121129023999999959e+02 2.405001072000000022e+02
3.088870976000000041e+02 2.740372175999999627e+02
3.011451519999999960e+02 2.862911520000000110e+02
3.011451519999999960e+02 2.998349759999999833e+02
3.140483839999999987e+02 3.004799376000000279e+02
3.230806335999999988e+02 3.037046544000000381e+02
3.340483840000000555e+02 3.004799376000000279e+02
3.475967808000000332e+02 2.991900432000000478e+02
3.450161343999999985e+02 2.811316128000000276e+02
3.379193472000000042e+02 2.753271119999999996e+02
3.353387072000000444e+02 2.405001072000000022e+02
0.000000000000000000e+00 0.000000000000000000e+00
6.390000000000000000e+02 0.000000000000000000e+00
0.000000000000000000e+00 4.790000000000000000e+02
6.390000000000000000e+02 4.790000000000000000e+02
