2.185645119999999793e+02 3.166035455999999613e+02
2.256612992000000304e+02 3.520754832000000079e+02
2.392096703999999932e+02 3.720687408000000005e+02
2.521129023999999959e+02 3.849676319999999805e+02
2.766290303999999765e+02 3.972215663999999720e+02
3.037257984000000306e+02 3.998013504000000466e+02
3.192096703999999932e+02 4.004462831999999821e+02
3.379193472000000042e+02 3.985114560000000097e+02
3.598548480000000040e+02 3.946417824000000110e+02
3.779193472000000042e+02 3.869024544000000105e+02
3.927580671999999709e+02 3.694889567999999826e+02
4.004999936000000389e+02 3.507855887999999709e+02
4.043709567999999877e+02 3.198282623999999714e+02
3.837258176000000276e+02 2.308259423999999740e+02
3.753387072000000444e+02 2.230866192000000012e+02
3.604999936000000389e+02 2.185719983999999840e+02
3.475967808000000332e+02 2.217967247999999927e+02
3.359838847999999416e+02 2.301809999999999832e+02
3.482419199999999364e+02 2.334057263999999918e+02
3.617903168000000278e+02 2.353405536000000211e+02
3.727580671999999709e+02 2.346956064000000026e+02
2.463064575999999875e+02 2.288911056000000031e+02
2.559838656000000015e+02 2.205068351999999834e+02
2.669516160000000013e+02 2.185719983999999840e+02
2.785645119999999793e+02 2.211517824000000019e+02
2.888870976000000041e+02 2.295360527999999931e+02
2.785645119999999793e+02 2.314708895999999925e+02
2.669516160000000013e+02 2.334057263999999918e+02
2.566290303999999765e+02 2.321158367999999825e+02
3.398548480000000040e+02 2.076079536000000019e+02
3.488870975999999473e+02 1.953540095999999835e+02
3.708225600000000099e+02 1.921292928000000018e+02
3.850161343999999985e+02 1.979337792000000036e+02
3.959838847999999416e+02 2.095427808000000027e+02
2.869516160000000013e+02 2.011585104000000115e+02
2.740483839999999987e+02 1.901944560000000024e+02
2.521129023999999959e+02 1.882596144000000038e+02
2.379193472000000042e+02 1.947090623999999934e+02
2.308225792000000069e+02 2.108326704000000120e+02
2.740483839999999987e+02 3.295024128000000019e+02
3.017903168000000278e+02 3.178934112000000027e+02
3.153387071999999876e+02 3.191833007999999836e+02
3.301774207999999931e+02 3.159585839999999735e+02
3.534032447999999818e+02 3.262776960000000486e+02
3.295322431999999822e+02 3.359518704000000184e+02
3.153387071999999876e+02 3.372417647999999986e+02
3.037257984000000306e+02 3.372417647999999986e+02
3.043709760000000415e+02 2.308259423999999740e+02
2.992096703999999932e+02 2.617832544000000325e+02
2.888870976000000041e+02 2.708125008000000093e+02
2.850161343999999985e+02 2.895158688000000211e+02
2.998548480000000040e+02 2.908057584000000020e+02
3.146935488000000305e+02 2.966102591999999731e+02
3.269515968000000612e+02 2.908057584000000020e+02
3.424354944000000387e+02 2.920956528000000390e+02
3.392096703999999932e+02 2.727473280000000386e+02
3.308225600000000099e+02 2.624282159999999635e+02
3.269515968000000612e+02 2.327607840000000010e+02
0.000000000000000000e+00 0.000000000000000000e+00
6.390000000000000000e+02 0.000000000000000000e+00
0.000000000000000000e+00 4.790000000000000000e+02
6.390000000000000000e+02 4.790000000000000000e+02
