2.263064575999999875e+02 2.966102591999999731e+02
2.275967808000000048e+02 3.224080175999999938e+02
2.327580671999999709e+02 3.449810879999999997e+02
2.475967808000000048e+02 3.643294128000000001e+02
2.695322623999999792e+02 3.798080640000000017e+02
2.940483839999999987e+02 3.978665280000000166e+02
3.185645119999999793e+02 4.036710240000000454e+02
3.450161343999999985e+02 3.965766336000000365e+02
3.695322431999999822e+02 3.862575263999999606e+02
3.908225600000000099e+02 3.746485247999999615e+02
4.056612799999999766e+02 3.540103055999999810e+02
4.121128831999999989e+02 3.269226528000000371e+02
4.140483840000000555e+02 3.062844383999999991e+02
3.856612799999999766e+02 2.430798911999999916e+02
3.766290304000000333e+02 2.359855008000000112e+02
3.617903168000000278e+02 2.334057263999999918e+02
3.514677439999999820e+02 2.385652704000000028e+02
3.424354944000000387e+02 2.469495408000000225e+02
3.566290304000000333e+02 2.469495408000000225e+02
3.675967808000000332e+02 2.488843919999999912e+02
3.759838847999999416e+02 2.463046080000000018e+02
2.617903168000000278e+02 2.366304432000000020e+02
2.701774207999999931e+02 2.314708895999999925e+02
2.804999936000000389e+02 2.295360527999999931e+02
2.882419391999999903e+02 2.321158367999999825e+02
3.004999936000000389e+02 2.405001072000000022e+02
2.888870976000000041e+02 2.443697856000000286e+02
2.792096703999999932e+02 2.456596463999999855e+02
2.701774207999999931e+02 2.430798911999999916e+02
3.463064575999999875e+02 2.256663887999999929e+02
3.553387072000000444e+02 2.166371712000000116e+02
3.863064575999999875e+02 2.166371712000000116e+02
3.959838847999999416e+02 2.224416719999999827e+02
4.037258176000000276e+02 2.334057263999999918e+02
3.024354751999999849e+02 2.224416719999999827e+02
2.927580671999999709e+02 2.121225647999999921e+02
2.598548480000000040e+02 2.082529008000000204e+02
2.495322623999999792e+02 2.140573871999999938e+02
2.450161343999999985e+02 2.237315519999999935e+02
2.837257984000000306e+02 3.333720864000000006e+02
3.114677440000000388e+02 3.230529791999999816e+02
3.192096703999999932e+02 3.295024128000000019e+02
3.282419199999999364e+02 3.269226528000000371e+02
3.534032447999999818e+02 3.385316255999999839e+02
3.327580671999999709e+02 3.488507376000000022e+02
3.185645119999999793e+02 3.494956991999999900e+02
3.069516160000000013e+02 3.469159104000000298e+02
3.114677440000000388e+02 2.463046080000000018e+02
3.050161343999999985e+02 2.766169727999999850e+02
2.979193472000000042e+02 2.830664352000000008e+02
2.959838656000000015e+02 2.985450816000000032e+02
3.063064575999999875e+02 3.011248703999999634e+02
3.224354944000000387e+02 3.075742991999999845e+02
3.340483840000000555e+02 3.030596927999999934e+02
3.443709567999999877e+02 3.043495824000000312e+02
3.443709567999999877e+02 2.888709360000000288e+02
3.359838847999999416e+02 2.804866511999999830e+02
3.346935680000000275e+02 2.475944976000000111e+02
0.000000000000000000e+00 0.000000000000000000e+00
6.390000000000000000e+02 0.000000000000000000e+00
0.000000000000000000e+00 4.790000000000000000e+02
6.390000000000000000e+02 4.790000000000000000e+02
