2.159838656000000015e+02 3.249878016000000116e+02
2.204999936000000105e+02 3.533653439999999932e+02
2.288870976000000041e+02 3.720687408000000005e+02
2.392096703999999932e+02 3.907721328000000085e+02
2.585645119999999793e+02 4.043159567999999808e+02
2.804999936000000389e+02 4.120552847999999813e+02
3.095322623999999792e+02 4.146350687999999991e+02
3.327580671999999709e+02 4.120552847999999813e+02
3.553387072000000444e+02 4.056058512000000178e+02
3.792096703999999932e+02 3.927069551999999817e+02
3.934032447999999818e+02 3.759384143999999992e+02
4.030806335999999988e+02 3.527204112000000009e+02
4.095322431999999822e+02 3.275675855999999726e+02
3.824354944000000387e+02 2.411450687999999900e+02
3.746935680000000275e+02 2.359855008000000112e+02
3.643709567999999877e+02 2.340506592000000126e+02
3.546935680000000275e+02 2.359855008000000112e+02
3.469515968000000612e+02 2.424349295999999754e+02
3.553387072000000444e+02 2.456596463999999855e+02
3.630806335999999988e+02 2.482394303999999750e+02
3.740483840000000555e+02 2.482394303999999750e+02
2.508225792000000069e+02 2.398551600000000121e+02
2.598548480000000040e+02 2.346956064000000026e+02
2.714677440000000388e+02 2.340506592000000126e+02
2.792096703999999932e+02 2.379203376000000105e+02
2.882419391999999903e+02 2.417899968000000115e+02
2.843709760000000415e+02 2.469495408000000225e+02
2.721129023999999959e+02 2.508192144000000212e+02
2.630806527999999958e+02 2.495293248000000119e+02
3.430806335999999988e+02 2.108326704000000120e+02
3.508225600000000099e+02 2.011585104000000115e+02
3.811451712000000498e+02 2.024484000000000208e+02
3.934032447999999818e+02 2.114776176000000021e+02
4.030806335999999988e+02 2.250214416000000028e+02
2.934032255999999848e+02 2.095427808000000027e+02
2.837257984000000306e+02 2.005135632000000214e+02
2.514677440000000104e+02 1.959989568000000020e+02
2.398548479999999756e+02 2.050281696000000125e+02
2.314677440000000104e+02 2.230866192000000012e+02
2.759838656000000015e+02 3.411114144000000010e+02
3.011451519999999960e+02 3.282125184000000218e+02
3.121129023999999959e+02 3.340170191999999929e+02
3.185645119999999793e+02 3.301473696000000473e+02
3.469515968000000612e+02 3.424013039999999819e+02
3.269515968000000612e+02 3.501406271999999831e+02
3.121129023999999959e+02 3.527204112000000009e+02
2.979193472000000042e+02 3.514305216000000200e+02
3.024354751999999849e+02 2.424349295999999754e+02
3.017903168000000278e+02 2.721023663999999940e+02
2.901774207999999931e+02 2.830664352000000008e+02
2.886612991999999736e+02 3.010596911999999747e+02
2.992096703999999932e+02 3.037046544000000381e+02
3.095322623999999792e+02 3.062844383999999991e+02
3.224354944000000387e+02 3.037046544000000381e+02
3.356935680000000275e+02 3.039945455999999808e+02
3.359838847999999416e+02 2.856462191999999618e+02
3.301774207999999931e+02 2.688776495999999838e+02
3.308225600000000099e+02 2.450147136000000216e+02
0.000000000000000000e+00 0.000000000000000000e+00
6.390000000000000000e+02 0.000000000000000000e+00
0.000000000000000000e+00 4.790000000000000000e+02
6.390000000000000000e+02 4.790000000000000000e+02
