2.276107584000000088e+02 3.149525663999999665e+02
2.284870720000000119e+02 3.377262767999999937e+02
2.328686336000000097e+02 3.613759248000000071e+02
2.495185663999999974e+02 3.867773712000000046e+02
2.696737279999999828e+02 4.007919792000000143e+02
2.959630784000000290e+02 4.113029183999999532e+02
3.257576768000000129e+02 4.156824864000000161e+02
3.520470016000000442e+02 4.104270192000000179e+02
3.739548095999999759e+02 3.990401471999999785e+02
3.923573695999999700e+02 3.823978031999999985e+02
4.072546367999999575e+02 3.648795599999999695e+02
4.125125120000000152e+02 3.438576527999999826e+02
4.151414463999999498e+02 3.167043696000000068e+02
3.914810560000000237e+02 2.361204384000000118e+02
3.844705600000000345e+02 2.291131343999999785e+02
3.722021887999999876e+02 2.264853984000000082e+02
3.564285631999999850e+02 2.282372207999999887e+02
3.502943807999999990e+02 2.378722559999999930e+02
3.616864384000000427e+02 2.404999919999999918e+02
3.730784959999999728e+02 2.431277280000000189e+02
3.818416192000000251e+02 2.422518239999999707e+02
2.539001087999999982e+02 2.334927024000000131e+02
2.617869183999999905e+02 2.264853984000000082e+02
2.740552896000000374e+02 2.229817487999999912e+02
2.880762687999999798e+02 2.264853984000000082e+02
2.977156992000000173e+02 2.369963568000000009e+02
2.854473279999999704e+02 2.387481743999999821e+02
2.749316032000000405e+02 2.404999919999999918e+02
2.661684799999999882e+02 2.387481743999999821e+02
3.485417535999999927e+02 2.089671552000000077e+02
3.564285631999999850e+02 1.984562015999999858e+02
3.853468735999999808e+02 1.949525519999999972e+02
3.984915136000000189e+02 2.002080335999999932e+02
4.090072640000000206e+02 2.150985407999999950e+02
3.012209344000000328e+02 2.124708095999999955e+02
2.924578303999999775e+02 2.002080335999999932e+02
2.565290431999999896e+02 1.967043840000000046e+02
2.433843776000000219e+02 2.028357695999999919e+02
2.354975680000000011e+02 2.159744591999999841e+02
2.836947071999999821e+02 3.438576527999999826e+02
3.126129920000000197e+02 3.315948768000000086e+02
3.240050496000000066e+02 3.359744448000000148e+02
3.327681728000000021e+02 3.324708095999999955e+02
3.643153791999999385e+02 3.464854128000000060e+02
3.406549823999999944e+02 3.552445199999999659e+02
3.248813632000000098e+02 3.534926879999999869e+02
3.091077440000000252e+02 3.552445199999999659e+02
3.152419264000000112e+02 2.396240880000000004e+02
3.099840576000000283e+02 2.711569392000000107e+02
2.959630784000000290e+02 2.869233504000000039e+02
2.959630784000000290e+02 3.009379583999999568e+02
3.091077440000000252e+02 3.018138576000000057e+02
3.257576768000000129e+02 3.035656943999999839e+02
3.389023616000000061e+02 3.035656943999999839e+02
3.520470016000000442e+02 3.026897903999999926e+02
3.520470016000000442e+02 2.869233504000000039e+02
3.424076096000000007e+02 2.711569392000000107e+02
3.371497343999999998e+02 2.440036560000000065e+02
0.000000000000000000e+00 0.000000000000000000e+00
6.390000000000000000e+02 0.000000000000000000e+00
0.000000000000000000e+00 4.790000000000000000e+02
6.390000000000000000e+02 4.790000000000000000e+02
