2.482606911999999966e+02 2.861423328000000197e+02
2.557659391999999912e+02 3.139233504000000039e+02
2.664053567999999927e+02 3.328284671999999773e+02
2.805500415999999859e+02 3.504781103999999914e+02
2.973341376000000196e+02 3.636240912000000094e+02
3.204998015999999552e+02 3.718868640000000028e+02
3.432839232000000038e+02 3.753904992000000220e+02
3.739548095999999759e+02 3.710109600000000114e+02
4.002441791999999623e+02 3.604999920000000202e+02
4.180282624000000169e+02 3.462299136000000317e+02
4.329255679999999984e+02 3.260766336000000365e+02
4.393071295999999961e+02 3.069233520000000226e+02
4.431834431999999993e+02 2.743905024000000026e+02
4.002441791999999623e+02 2.045875871999999731e+02
3.932336831999999731e+02 1.967043840000000046e+02
3.827179327999999714e+02 1.932007295999999883e+02
3.722021887999999876e+02 1.967043840000000046e+02
3.616864384000000427e+02 2.028357695999999919e+02
3.722021887999999876e+02 2.054635055999999906e+02
3.809653120000000399e+02 2.072153232000000003e+02
3.897284288000000174e+02 2.072153232000000003e+02
2.758078975999999898e+02 2.107189728000000173e+02
2.793131455999999844e+02 2.054635055999999906e+02
2.924578303999999775e+02 1.975802976000000228e+02
3.056024959999999737e+02 1.984562015999999858e+02
3.143656128000000081e+02 2.072153232000000003e+02
3.056024959999999737e+02 2.080912415999999894e+02
2.985920128000000204e+02 2.115948912000000064e+02
2.871999552000000335e+02 2.124708095999999955e+02
3.529233151999999905e+02 1.818138719999999751e+02
3.783363711999999737e+02 1.660474511999999834e+02
3.976152447999999708e+02 1.669233648000000017e+02
4.160177600000000098e+02 1.756824863999999877e+02
4.203993216000000075e+02 1.932007295999999883e+02
3.143656128000000081e+02 1.844416080000000022e+02
3.012209344000000328e+02 1.721788367999999991e+02
2.749316032000000405e+02 1.721788367999999991e+02
2.600342911999999842e+02 1.835656943999999839e+02
2.556527360000000044e+02 1.949525519999999972e+02
3.003446400000000267e+02 3.053175264000000197e+02
3.283866111999999475e+02 2.965583904000000075e+02
3.371497343999999998e+02 2.991861264000000347e+02
3.467891328000000613e+02 2.965583904000000075e+02
3.792126848000000336e+02 3.009379583999999568e+02
3.555522559999999999e+02 3.149525663999999665e+02
3.424076096000000007e+02 3.175802975999999944e+02
3.257576768000000129e+02 3.158284655999999586e+02
3.240050496000000066e+02 2.115948912000000064e+02
3.212524288000000183e+02 2.367408719999999960e+02
3.143656128000000081e+02 2.483831999999999880e+02
3.134893055999999660e+02 2.606459712000000195e+02
3.213761152000000152e+02 2.694051071999999749e+02
3.362734207999999967e+02 2.694051071999999749e+02
3.485417535999999927e+02 2.702810112000000231e+02
3.599338175999999976e+02 2.641496352000000343e+02
3.564285631999999850e+02 2.501350319999999954e+02
3.474180671999999959e+02 2.363759232000000168e+02
3.436654464000000075e+02 2.115948912000000064e+02
0.000000000000000000e+00 0.000000000000000000e+00
6.390000000000000000e+02 0.000000000000000000e+00
0.000000000000000000e+00 4.790000000000000000e+02
6.390000000000000000e+02 4.790000000000000000e+02
