2.176290304000000049e+02 3.433069103999999925e+02
2.234999936000000105e+02 3.675249119999999721e+02
2.303064575999999875e+02 3.886777391999999622e+02
2.418548480000000040e+02 4.092507840000000101e+02
2.572741887999999904e+02 4.249541760000000181e+02
2.772741887999999904e+02 4.391429616000000351e+02
3.095322623999999792e+02 4.436575679999999693e+02
3.366290304000000333e+02 4.378530671999999981e+02
3.566290304000000333e+02 4.255991088000000104e+02
3.743387072000000444e+02 4.082507807999999727e+02
3.865322431999999822e+02 3.869676335999999992e+02
3.949838848000000553e+02 3.631698432000000025e+02
3.979193472000000042e+02 3.387271248000000128e+02
3.701774207999999931e+02 2.791967568000000028e+02
3.585645311999999763e+02 2.688776495999999838e+02
3.495322431999999822e+02 2.675877552000000037e+02
3.372742079999999874e+02 2.721023663999999940e+02
3.230806335999999988e+02 2.791967568000000028e+02
3.366290304000000333e+02 2.804866511999999830e+02
3.514677439999999820e+02 2.843563247999999817e+02
3.604999936000000389e+02 2.824214736000000130e+02
2.359838656000000015e+02 2.824214736000000130e+02
2.501774208000000215e+02 2.727473280000000386e+02
2.611451519999999960e+02 2.701675392000000215e+02
2.740483839999999987e+02 2.733922560000000317e+02
2.843709760000000415e+02 2.804866511999999830e+02
2.740483839999999987e+02 2.850012575999999740e+02
2.598548480000000040e+02 2.850012575999999740e+02
2.482419391999999903e+02 2.843563247999999817e+02
3.153387071999999876e+02 2.572686479999999847e+02
3.372742079999999874e+02 2.482394303999999750e+02
3.643709567999999877e+02 2.482394303999999750e+02
3.753387072000000444e+02 2.495293248000000119e+02
3.856612799999999766e+02 2.656529327999999737e+02
2.908225792000000069e+02 2.637181104000000005e+02
2.682419391999999903e+02 2.533989984000000106e+02
2.488870976000000041e+02 2.527540416000000221e+02
2.314677440000000104e+02 2.572686479999999847e+02
2.243709760000000131e+02 2.733922560000000317e+02
2.682419391999999903e+02 3.849676319999999805e+02
2.946935488000000305e+02 3.688440240000000472e+02
3.063064575999999875e+02 3.727136976000000459e+02
3.185645119999999793e+02 3.662642399999999725e+02
3.456612799999999766e+02 3.791631312000000094e+02
3.224354944000000387e+02 3.952867391999999995e+02
3.082419391999999903e+02 3.985114560000000097e+02
2.901774207999999931e+02 3.965766336000000365e+02
2.901774207999999931e+02 2.927405855999999744e+02
2.875967808000000332e+02 3.178934112000000027e+02
2.804999936000000389e+02 3.307923023999999828e+02
2.811451519999999960e+02 3.417563711999999896e+02
2.863064575999999875e+02 3.449810879999999997e+02
3.056612992000000304e+02 3.443361263999999551e+02
3.230806335999999988e+02 3.430462656000000266e+02
3.301774207999999931e+02 3.359518704000000184e+02
3.263064575999999875e+02 3.243428688000000193e+02
3.166290303999999765e+02 3.166035455999999613e+02
3.153387071999999876e+02 2.908057584000000020e+02
0.000000000000000000e+00 0.000000000000000000e+00
6.390000000000000000e+02 0.000000000000000000e+00
0.000000000000000000e+00 4.790000000000000000e+02
6.390000000000000000e+02 4.790000000000000000e+02
