6.293506493506491495e+01 2.557015692640692635e+02
3.574994588744588100e+02 2.534545454545454390e+02
6.313933982683973056e+01 2.806231060606060623e+02
3.427916666666665719e+02 2.849128787878787534e+02
7.437445887445883841e+01 3.104472402597402834e+02
3.338035714285712174e+02 2.845043290043290085e+02
1.501604437229436257e+02 4.859193722943723515e+02
2.956041666666666288e+02 4.734586038961039662e+02
1.885641233766232574e+02 5.214632034632035129e+02
2.737467532467530873e+02 5.079810606060606801e+02
2.161412337662335972e+02 5.541471861471861757e+02
2.516850649350648439e+02 5.412778679653680456e+02
1.405595238095237107e+02 6.368317099567090622e+01
2.968298160173158635e+02 5.387797619047617559e+01
1.589442640692639657e+02 3.651461038961031136e+01
2.766066017316017565e+02 3.426758658008662906e+01
1.963265692640690645e+02 2.201109307359308787e+01
2.165497835497834558e+02 1.710849567099549517e+01
1.248303571428570535e+02 2.941052489177489520e+02
1.593528138528138243e+02 3.039104437229437394e+02
1.810059523809522943e+02 3.002334956709956941e+02
2.245165043290042490e+02 3.077916666666666288e+02
2.610817099567098012e+02 3.075873917748917847e+02
2.868203463203461183e+02 2.877727272727272521e+02
1.248303571428570251e+02 3.355730519480518979e+02
1.515903679653679035e+02 3.184139610389610198e+02
1.697708333333333144e+02 3.255635822510822095e+02
2.390200216450216146e+02 3.255635822510822095e+02
2.665971320346319544e+02 3.255635822510822095e+02
2.956041666666666288e+02 3.169840367965367705e+02
2.038847402597401697e+02 3.447654220779220395e+02
1.918325216450215862e+02 3.888887987012987537e+02
1.895854978354979039e+02 4.497627164502164874e+02
2.349345238095237391e+02 4.481285173160172803e+02
2.392242965367964302e+02 4.052307900432900851e+02
2.177754329004328611e+02 3.515064935064934843e+02
1.779418290043288380e+02 4.540524891774892922e+02
2.079702380952380736e+02 4.540524891774892922e+02
2.330960497835496597e+02 4.518054653679653256e+02
2.445354437229436542e+02 5.034870129870130313e+02
2.116471861471860905e+02 5.128836580086581307e+02
1.840700757575756086e+02 5.043041125541126348e+02
0.000000000000000000e+00 0.000000000000000000e+00
3.710000000000000000e+02 0.000000000000000000e+00
0.000000000000000000e+00 6.030000000000000000e+02
3.710000000000000000e+02 6.030000000000000000e+02
