4.577597402597393739e+01 2.599913419913419830e+02
3.203214285714284415e+02 2.477348484848484986e+02
5.312987012987008484e+01 2.934924242424242493e+02
3.170530303030302548e+02 2.763333333333333144e+02
5.149567099567093464e+01 3.204567099567099717e+02
3.195043290043289517e+02 3.188225108225108215e+02
1.144123376623375634e+02 4.087034632034632295e+02
2.712954545454543904e+02 4.005324675324675354e+02
1.356569264069263454e+02 4.242283549783550143e+02
2.565876623376622092e+02 4.193257575757575637e+02
1.675238095238094047e+02 4.283138528138528045e+02
2.116471861471860620e+02 4.283138528138528045e+02
9.480194805194798846e+01 9.657142857142855519e+01
2.811006493506492916e+02 9.248593073593065128e+01
1.217662337662337109e+02 7.369264069264067984e+01
2.337088744588743339e+02 6.715584415584407907e+01
1.519989177489176768e+02 6.633874458874458924e+01
1.993906926406925777e+02 6.143614718614719550e+01
8.908225108225099120e+01 2.183192640692640794e+02
1.193149350649350140e+02 2.052456709956709915e+02
1.438279220779219827e+02 2.101482683982683852e+02
2.230865800865799429e+02 2.076969696969696884e+02
2.582218614718614162e+02 1.946233766233766005e+02
2.811006493506492916e+02 2.134166666666666288e+02
9.480194805194798846e+01 2.411980519480519547e+02
1.201320346320345607e+02 2.411980519480519547e+02
1.511818181818180733e+02 2.411980519480519547e+02
2.361601731601730307e+02 2.411980519480519547e+02
2.623073593073592065e+02 2.411980519480519547e+02
2.770151515151513877e+02 2.411980519480519547e+02
1.724264069264067984e+02 2.575400432900432861e+02
1.675238095238094047e+02 2.845043290043290085e+02
1.724264069264067984e+02 3.196396103896103682e+02
2.034761904761903679e+02 3.180054112554112749e+02
2.034761904761903679e+02 2.894069264069264023e+02
1.977564935064933707e+02 2.542716450216449857e+02
1.364740259740258921e+02 3.425183982683982435e+02
1.936709956709955804e+02 3.425183982683982435e+02
2.516850649350648155e+02 3.417012987012986969e+02
2.516850649350648155e+02 3.776536796536796601e+02
2.002077922077920675e+02 3.956298701298701417e+02
1.454621212121211329e+02 3.956298701298701417e+02
0.000000000000000000e+00 0.000000000000000000e+00
3.710000000000000000e+02 0.000000000000000000e+00
0.000000000000000000e+00 6.030000000000000000e+02
3.710000000000000000e+02 6.030000000000000000e+02
