3.597077922077909307e+01 2.624426406926406798e+02
2.990768398268396595e+02 2.444664502164502551e+02
4.741017316017314442e+01 3.008463203463203399e+02
3.023452380952380736e+02 2.714307359307359206e+02
3.842207792207784678e+01 3.261764069264069690e+02
3.113333333333333712e+02 3.384329004329004533e+02
9.398484848484838494e+01 3.645800865800866291e+02
2.574047619047616990e+02 3.588603896103895750e+02
1.054242424242423795e+02 3.686655844155844761e+02
2.467824675324674217e+02 3.686655844155843624e+02
1.397424242424241356e+02 3.564090909090908781e+02
1.887683982683981867e+02 3.637629870129869687e+02
6.865476190476186957e+01 1.153647186147186403e+02
2.721125541125541076e+02 1.145476190476189231e+02
1.005216450216449857e+02 9.493722943722946184e+01
2.091958874458872515e+02 8.594913419913405050e+01
1.266688311688311614e+02 9.166883116883116145e+01
1.895854978354977902e+02 8.676623376623388140e+01
6.865476190476181273e+01 1.750129870129870255e+02
9.643614718614713865e+01 1.488658008658008498e+02
1.225833333333332575e+02 1.586709956709956373e+02
2.222694805194803394e+02 1.505000000000000000e+02
2.565876623376623229e+02 1.300725108225107647e+02
2.778322510822511049e+02 1.709274891774891216e+02
7.764285714285711038e+01 1.872694805194805667e+02
1.021558441558440791e+02 1.970746753246753542e+02
1.405595238095236255e+02 1.929891774891775071e+02
2.345259740259738237e+02 1.929891774891775071e+02
2.598560606060605096e+02 1.929891774891775071e+02
2.663928571428569967e+02 1.978917748917749009e+02
1.544502164502163168e+02 2.076969696969696884e+02
1.536331168831167133e+02 2.248560606060606233e+02
1.626212121212118973e+02 2.452835497835497449e+02
1.854999999999998863e+02 2.436493506493507084e+02
1.830487012987011894e+02 2.232218614718614731e+02
1.863170995670993761e+02 1.987088744588743907e+02
1.127781385281384701e+02 2.787846320346319544e+02
1.854999999999998863e+02 2.787846320346319544e+02
2.623073593073592065e+02 2.787846320346320113e+02
2.557705627705626057e+02 3.057489177489177337e+02
1.936709956709954668e+02 3.286277056277056090e+02
1.234004329004328611e+02 3.335303030303030027e+02
0.000000000000000000e+00 0.000000000000000000e+00
3.710000000000000000e+02 0.000000000000000000e+00
0.000000000000000000e+00 6.030000000000000000e+02
3.710000000000000000e+02 6.030000000000000000e+02
