5.558116883116878171e+01 2.575400432900432861e+02
3.415660173160172235e+02 2.510032467532467422e+02
5.884956709956702525e+01 2.861385281385281587e+02
3.317608225108224360e+02 2.812359307359307081e+02
6.456926406926402251e+01 3.147370129870129745e+02
3.276753246753245321e+02 2.992121212121211897e+02
1.348398268398267419e+02 4.528268398268398300e+02
2.851861471861470818e+02 4.422045454545454959e+02
1.658896103896103114e+02 4.797911255411255524e+02
2.663928571428569967e+02 4.699859307359307650e+02
1.953051948051946738e+02 5.002186147186147309e+02
2.345259740259739374e+02 4.928647186147186403e+02
1.209491341991341073e+02 7.777813852813847006e+01
2.900887445887444755e+02 7.042424242424237946e+01
1.430108225108224360e+02 5.244805194805189785e+01
2.582218614718614162e+02 4.836255411255410763e+01
1.773290043290041922e+02 4.100865800865801702e+01
2.091958874458873652e+02 3.610606060606050960e+01
1.095097402597401697e+02 2.616255411255411332e+02
1.421937229437228893e+02 2.616255411255411332e+02
1.650725108225107078e+02 2.616255411255411332e+02
2.239036796536795464e+02 2.648939393939393767e+02
2.598560606060605096e+02 2.591742424242424363e+02
2.843690476190474783e+02 2.559058441558441359e+02
1.119610389610388665e+02 2.951266233766233427e+02
1.381082251082250423e+02 2.853214285714285552e+02
1.618041125541125211e+02 2.894069264069264023e+02
2.377943722943722378e+02 2.894069264069264023e+02
2.647586580086579033e+02 2.894069264069264023e+02
2.876374458874457787e+02 2.845043290043290085e+02
1.904025974025972801e+02 3.073831168831168839e+02
1.814145021645020961e+02 3.441525974025973937e+02
1.822316017316016996e+02 3.939956709956709915e+02
2.214523809523808495e+02 3.923614718614718413e+02
2.239036796536795464e+02 3.555919913419913314e+02
2.091958874458873652e+02 3.098344155844155807e+02
1.601699134199133141e+02 4.062521645021645327e+02
2.018419913419912746e+02 4.062521645021645327e+02
2.410627705627704245e+02 4.046179653679653825e+02
2.475995670995670253e+02 4.495584415584415865e+02
2.067445887445886683e+02 4.626320346320346744e+02
1.675238095238094047e+02 4.577294372294372806e+02
0.000000000000000000e+00 0.000000000000000000e+00
3.710000000000000000e+02 0.000000000000000000e+00
0.000000000000000000e+00 6.030000000000000000e+02
3.710000000000000000e+02 6.030000000000000000e+02
