9.229004329004328611e+01 2.643295454545454390e+02
4.666271645021646464e+02 2.547516233766233427e+02
9.229004329004328611e+01 2.922651515151515014e+02
4.642326839826840796e+02 2.739074675324675354e+02
9.707900432900430587e+01 3.114209956709956373e+02
4.570492424242426068e+02 2.994485930735930879e+02
2.032343073593073655e+02 4.566861471861471955e+02
3.923982683982685558e+02 4.463100649350649292e+02
2.391515151515151842e+02 4.774383116883117282e+02
3.700497835497836832e+02 4.670622294372294618e+02
2.710779220779221532e+02 4.910070346320346744e+02
3.397196969696971109e+02 4.830254329004329179e+02
1.258127705627705382e+02 1.078901515151515014e+02
3.820221861471862894e+02 9.192694805194798846e+01
1.617299783549783569e+02 7.835822510822504228e+01
3.572792207792208501e+02 6.718398268398266282e+01
2.104177489177489520e+02 6.239502164502164305e+01
2.934264069264070258e+02 5.600974025974016968e+01
1.401796536796537112e+02 2.547516233766233427e+02
1.824821428571428896e+02 2.547516233766233427e+02
2.136103896103896318e+02 2.571461038961038525e+02
3.245546536796537112e+02 2.635313852813852691e+02
3.724442640692641362e+02 2.531553030303030027e+02
4.107559523809525217e+02 2.531553030303030027e+02
2.008398268398268556e+02 2.834853896103895750e+02
3.532884199134200571e+02 2.802927489177488951e+02
2.583073593073593202e+02 3.050357142857142776e+02
2.471331168831169407e+02 3.377602813852813597e+02
3.069951298701299720e+02 3.010449134199134278e+02
3.181693722943723515e+02 3.417510822510822663e+02
2.511239177489178473e+02 3.840535714285714448e+02
3.093896103896104250e+02 3.824572510822511049e+02
2.207938311688312183e+02 3.952278138528138811e+02
2.894356060606061192e+02 3.952278138528138811e+02
3.484994588744589237e+02 3.952278138528138811e+02
3.469031385281385838e+02 4.455119047619047592e+02
2.886374458874460061e+02 4.534935064935065157e+02
2.375551948051948443e+02 4.534935064935065157e+02
0.000000000000000000e+00 0.000000000000000000e+00
5.230000000000000000e+02 0.000000000000000000e+00
0.000000000000000000e+00 5.890000000000000000e+02
5.230000000000000000e+02 5.890000000000000000e+02
