7.313419913419909335e+01 2.866780303030303116e+02
4.354989177489178473e+02 2.802927489177488951e+02
8.829924242424237946e+01 3.369621212121211897e+02
4.283154761904763745e+02 3.162099567099567139e+02
9.867532467532464580e+01 3.856498917748917847e+02
4.315081168831170544e+02 3.824572510822511049e+02
1.665189393939394336e+02 4.926033549783550143e+02
3.844166666666667425e+02 4.774383116883117282e+02
2.160048701298701417e+02 5.117591991341991502e+02
3.596737012987014168e+02 4.981904761904762040e+02
2.710779220779221532e+02 5.173463203463203399e+02
3.181693722943723515e+02 5.157500000000000000e+02
1.210238095238095184e+02 1.166699134199134278e+02
3.876093073593074223e+02 1.182662337662337677e+02
1.529502164502164305e+02 9.192694805194798846e+01
3.604718614718615299e+02 8.953246753246753542e+01
2.311699134199134846e+02 6.558766233766232290e+01
3.022061688311689522e+02 6.319318181818175617e+01
1.609318181818181870e+02 1.972840909090908781e+02
2.008398268398268556e+02 1.988804112554112180e+02
2.303717532467533147e+02 2.172380952380951840e+02
3.101877705627706518e+02 2.132472943722943342e+02
3.381233766233767710e+02 1.980822510822510480e+02
3.636645021645022098e+02 1.980822510822510480e+02
1.313998917748917847e+02 2.252196969696969404e+02
1.896655844155844193e+02 2.212288961038960906e+02
2.567110389610389802e+02 2.539534632034631727e+02
2.399496753246753542e+02 3.138154761904762040e+02
1.816839826839827197e+02 3.345676406926406798e+02
1.353906926406926345e+02 3.098246753246752974e+02
2.854448051948052125e+02 2.547516233766233427e+02
3.500957792207792636e+02 2.140454545454545041e+02
3.931964285714286689e+02 2.172380952380951840e+02
4.067651515151516151e+02 3.042375541125541076e+02
3.612700216450217567e+02 3.313750000000000000e+02
3.093896103896104250e+02 3.170081168831168839e+02
2.559128787878788671e+02 3.114209956709956373e+02
2.487294372294372806e+02 3.393566017316016996e+02
2.519220779220779605e+02 3.728793290043290085e+02
2.974172077922078188e+02 3.744756493506493484e+02
2.974172077922078188e+02 3.433474025974026063e+02
2.870411255411256661e+02 3.154117965367965439e+02
2.112159090909091219e+02 4.016130952380952408e+02
2.630963203463204536e+02 4.016130952380952408e+02
3.285454545454546178e+02 4.016130952380952408e+02
3.301417748917749577e+02 4.590806277056277054e+02
2.670871212121212466e+02 4.622732683982684421e+02
2.295735930735930879e+02 4.622732683982684421e+02
0.000000000000000000e+00 0.000000000000000000e+00
5.230000000000000000e+02 0.000000000000000000e+00
0.000000000000000000e+00 5.890000000000000000e+02
5.230000000000000000e+02 5.890000000000000000e+02
