4.250757575757563700e+01 2.461006493506492916e+02
3.023452380952380736e+02 2.599913419913419830e+02
4.087337662337660049e+01 2.657110389610389234e+02
3.146017316017314442e+02 2.804188311688311614e+02
5.394696969696963151e+01 3.008463203463203399e+02
3.162359307359307650e+02 3.106515151515150706e+02
8.989935064935059472e+01 3.645800865800866291e+02
2.745638528138528045e+02 3.629458874458874220e+02
1.078755411255410763e+02 3.809220779220779605e+02
2.467824675324674217e+02 3.801049783549783569e+02
1.381082251082250423e+02 3.776536796536796601e+02
1.879512987012986969e+02 3.735681818181817562e+02
7.600865800865790334e+01 5.408225108225110489e+01
2.590389610389607924e+02 6.797294372294368259e+01
1.258517316017315011e+02 4.509415584415592093e+01
2.124642857142855519e+02 4.917965367965371115e+01
1.528160173160171666e+02 5.653354978354980176e+01
1.748777056277053816e+02 5.653354978354980176e+01
8.009415584415575040e+01 1.578538961038960338e+02
1.201320346320346175e+02 1.521341991341990934e+02
1.421937229437228325e+02 1.603051948051947875e+02
2.165497835497834558e+02 1.635735930735930310e+02
2.549534632034631159e+02 1.578538961038960906e+02
2.721125541125538803e+02 1.692932900432900851e+02
1.062413419913418693e+02 1.913549783549783569e+02
2.337088744588744476e+02 2.027943722943722946e+02
1.593528138528137106e+02 2.036114718614717845e+02
1.495476190476189231e+02 2.297586580086579602e+02
1.528160173160172235e+02 2.362954545454545610e+02
1.724264069264067984e+02 2.379296536796536543e+02
1.920367965367963734e+02 2.338441558441558072e+02
1.797803030303028891e+02 2.052456709956709915e+02
1.250346320346320113e+02 2.804188311688311614e+02
1.814145021645019824e+02 2.665281385281385838e+02
2.279891774891773366e+02 2.804188311688311614e+02
2.247207792207791499e+02 3.294448051948052125e+02
1.969393939393937671e+02 3.212738095238095184e+02
1.283030303030302548e+02 3.261764069264069121e+02
0.000000000000000000e+00 0.000000000000000000e+00
3.710000000000000000e+02 0.000000000000000000e+00
0.000000000000000000e+00 6.030000000000000000e+02
3.710000000000000000e+02 6.030000000000000000e+02
