6.355627705627705382e+01 3.321731601731601700e+02
4.658290043290044196e+02 2.986504329004328611e+02
7.712500000000000000e+01 3.768701298701298583e+02
4.522602813852814734e+02 3.489345238095237960e+02
8.031764069264067984e+01 4.087965367965368273e+02
4.714161255411256661e+02 3.864480519480519547e+02
1.361888528138528045e+02 5.069702380952381304e+02
3.804258658008659495e+02 4.949978354978355242e+02
1.752987012987013031e+02 5.341076839826839660e+02
3.580773809523810769e+02 5.149518398268398869e+02
2.319680735930736546e+02 5.452819264069264591e+02
2.806558441558441928e+02 5.468782467532467990e+02
1.106477272727272521e+02 1.645595238095237960e+02
3.333344155844156376e+02 1.382202380952380736e+02
1.313998917748917847e+02 1.134772727272726343e+02
2.950227272727273657e+02 9.192694805194798846e+01
1.912619047619048160e+02 7.516558441558436243e+01
2.399496753246753542e+02 7.197294372294368259e+01
1.170330086580086686e+02 2.691185064935064588e+02
1.353906926406926345e+02 2.387884199134198866e+02
1.689134199134199434e+02 2.419810606060605664e+02
2.774632034632035129e+02 2.419810606060605664e+02
3.437104978354979039e+02 2.339994588744588668e+02
3.780313852813853828e+02 2.499626623376623229e+02
9.947348484848481576e+01 2.826872294372294050e+02
1.553446969696969973e+02 2.771001082251082153e+02
2.080232683982684421e+02 2.771001082251082153e+02
2.136103896103896318e+02 3.433474025974026063e+02
1.577391774891775071e+02 3.521271645021644758e+02
1.194274891774891785e+02 3.521271645021644758e+02
2.702797619047619264e+02 2.755037878787878753e+02
3.205638528138529182e+02 2.627332251082250991e+02
3.916001082251083290e+02 2.539534632034631727e+02
3.931964285714286689e+02 3.329713203463203399e+02
3.477012987012988106e+02 3.353658008658008498e+02
3.014080086580087254e+02 3.417510822510822663e+02
2.399496753246753542e+02 3.305768398268398300e+02
2.199956709956710483e+02 3.704848484848484986e+02
2.271791125541125780e+02 4.048057359307359206e+02
2.686834415584415865e+02 4.008149350649350708e+02
2.726742424242424931e+02 3.625032467532467422e+02
2.591055194805195470e+02 3.313750000000000000e+02
1.952527056277056658e+02 4.287505411255411332e+02
2.535183982683983004e+02 4.271542207792207932e+02
3.341325757575758644e+02 4.247597402597402834e+02
3.325362554112555245e+02 4.894107142857143344e+02
2.638944805194805667e+02 5.013831168831169407e+02
1.968490259740260058e+02 5.013831168831169407e+02
0.000000000000000000e+00 0.000000000000000000e+00
5.230000000000000000e+02 0.000000000000000000e+00
0.000000000000000000e+00 5.890000000000000000e+02
5.230000000000000000e+02 5.890000000000000000e+02
