5.397835497835495744e+01 3.265860389610389802e+02
4.482694805194806804e+02 3.026412337662337677e+02
6.435443722943722378e+01 3.609069264069264023e+02
4.418841991341993207e+02 3.481363636363636260e+02
7.073971861471858347e+01 4.048057359307359206e+02
4.490676406926407935e+02 3.848517316017316148e+02
1.393814935064934843e+02 5.053739177489177337e+02
3.716461038961040231e+02 5.005849567099567139e+02
1.729042207792207932e+02 5.468782467532467990e+02
3.508939393939394904e+02 5.396948051948052125e+02
2.319680735930736546e+02 5.668322510822511049e+02
2.830503246753247595e+02 5.692267316017316716e+02
1.066569264069264023e+02 1.031011904761904816e+02
3.764350649350650428e+02 8.953246753246753542e+01
1.569410173160173372e+02 7.356926406926402251e+01
3.285454545454546178e+02 6.878030303030300274e+01
2.160048701298701417e+02 5.042261904761903679e+01
2.575091991341992070e+02 4.882629870129869687e+01
1.098495670995670821e+02 2.531553030303030027e+02
1.210238095238095184e+02 2.339994588744588668e+02
1.625281385281385269e+02 2.403847402597402265e+02
3.165730519480520115e+02 2.459718614718614731e+02
3.556829004329005102e+02 2.332012987012986969e+02
4.043706709956711620e+02 2.443755411255410763e+02
1.609318181818181870e+02 2.962559523809523512e+02
3.333344155844156376e+02 2.842835497835497449e+02
2.311699134199134846e+02 3.162099567099567139e+02
2.120140692640692919e+02 3.553198051948052125e+02
2.646926406926407935e+02 3.170081168831168839e+02
2.774632034632035129e+02 3.417510822510822663e+02
2.207938311688312183e+02 3.848517316017316148e+02
2.798576839826840796e+02 3.784664502164501982e+02
1.705097402597402834e+02 4.239615800865800566e+02
2.519220779220779605e+02 4.199707792207792636e+02
3.421141774891775640e+02 4.183744588744588668e+02
3.365270562770563174e+02 4.965941558441558641e+02
2.662889610389611335e+02 5.021812770562770538e+02
1.745005411255411332e+02 4.989886363636363740e+02
0.000000000000000000e+00 0.000000000000000000e+00
5.230000000000000000e+02 0.000000000000000000e+00
0.000000000000000000e+00 5.890000000000000000e+02
5.230000000000000000e+02 5.890000000000000000e+02
