8.031764069264067984e+01 3.337694805194805099e+02
4.546547619047620401e+02 3.162099567099567139e+02
9.069372294372294618e+01 3.800627705627705382e+02
4.490676406926407935e+02 3.648977272727272521e+02
1.106477272727272521e+02 4.255579004329004533e+02
4.370952380952381873e+02 4.159799783549783569e+02
1.776931818181818130e+02 5.412911255411255524e+02
3.820221861471862894e+02 5.269242424242424931e+02
2.128122294372294618e+02 5.564561688311688386e+02
3.564810606060607370e+02 5.460800865800865722e+02
2.543165584415585272e+02 5.620432900432900851e+02
3.038024891774892922e+02 5.596488095238095184e+02
1.497575757575757507e+02 1.023030303030302548e+02
3.596737012987014168e+02 9.432142857142855519e+01
1.832803030303030596e+02 7.516558441558436243e+01
3.389215367965368841e+02 7.516558441558436243e+01
2.183993506493507084e+02 5.600974025974016968e+01
2.878392857142857792e+02 5.600974025974016968e+01
1.385833333333333144e+02 2.906688311688311614e+02
1.745005411255411332e+02 2.715129870129869687e+02
2.152067099567099717e+02 2.747056277056277054e+02
3.133804112554113317e+02 2.731093073593073655e+02
3.548847402597403971e+02 2.603387445887445892e+02
3.796277056277057227e+02 2.778982683982683852e+02
1.784913419913419830e+02 3.170081168831168839e+02
3.421141774891775640e+02 3.058338744588744476e+02
2.447386363636364308e+02 3.337694805194805099e+02
2.343625541125541645e+02 3.593106060606060623e+02
2.830503246753247595e+02 3.369621212121211897e+02
2.910319264069264591e+02 3.609069264069264023e+02
2.415459956709956941e+02 4.079983766233766005e+02
2.966190476190477057e+02 4.079983766233766005e+02
2.207938311688312183e+02 4.351358225108225497e+02
2.710779220779221532e+02 4.319431818181818130e+02
3.373252164502165442e+02 4.319431818181818130e+02
3.357288961038962043e+02 5.045757575757576205e+02
2.854448051948052125e+02 5.149518398268398869e+02
2.160048701298701417e+02 5.149518398268398869e+02
0.000000000000000000e+00 0.000000000000000000e+00
5.230000000000000000e+02 0.000000000000000000e+00
0.000000000000000000e+00 5.890000000000000000e+02
5.230000000000000000e+02 5.890000000000000000e+02
