7.153787878787875343e+01 2.755037878787878753e+02
4.482694805194806804e+02 2.866780303030303116e+02
7.233603896103892339e+01 3.074301948051947875e+02
4.315081168831170544e+02 3.241915584415584135e+02
7.632683982683977320e+01 3.321731601731601700e+02
4.354989177489178473e+02 3.617050865800865722e+02
1.449686147186147309e+02 4.479063852813852691e+02
3.620681818181818699e+02 4.550898268398268556e+02
1.800876623376623797e+02 4.742456709956710483e+02
3.357288961038962043e+02 4.766401515151515014e+02
2.255827922077922381e+02 4.838235930735930879e+02
2.918300865800866859e+02 4.854199134199134278e+02
1.433722943722943910e+02 8.394534632034628885e+01
3.484994588744589237e+02 8.554166666666662877e+01
1.713079004329004533e+02 6.159686147186141625e+01
3.046006493506494053e+02 6.399134199134198298e+01
2.176011904761905384e+02 4.722997835497835695e+01
2.591055194805195470e+02 4.563365800865790334e+01
1.481612554112554108e+02 1.661558441558441359e+02
2.016379870129870255e+02 1.661558441558441359e+02
2.423441558441559209e+02 1.661558441558441359e+02
3.030043290043290654e+02 1.645595238095237960e+02
3.580773809523810769e+02 1.645595238095237960e+02
3.876093073593074223e+02 1.885043290043289517e+02
1.808858225108225497e+02 2.244215367965367705e+02
3.357288961038962043e+02 2.363939393939393767e+02
2.399496753246753542e+02 2.475681818181818130e+02
2.263809523809524080e+02 2.739074675324675354e+02
2.806558441558441928e+02 2.531553030303030027e+02
2.806558441558441928e+02 2.890725108225108215e+02
2.383533549783550143e+02 3.138154761904762040e+02
2.774632034632035129e+02 3.162099567099567139e+02
1.944545454545454959e+02 3.513290043290043059e+02
2.503257575757576205e+02 3.513290043290043059e+02
3.293436147186148446e+02 3.513290043290043059e+02
3.229583333333333712e+02 4.295487012987013031e+02
2.607018398268398869e+02 4.295487012987013031e+02
2.080232683982684421e+02 4.279523809523809632e+02
0.000000000000000000e+00 0.000000000000000000e+00
5.230000000000000000e+02 0.000000000000000000e+00
0.000000000000000000e+00 5.890000000000000000e+02
5.230000000000000000e+02 5.890000000000000000e+02
