5.949999999999995737e+01 3.404545454545450411e+01
6.988961038961035399e+01 2.414047619047618980e+02
4.478138528138522645e+01 2.162965367965367989e+02
8.677272727272723785e+01 2.868593073593073655e+02
8.893722943722941920e+01 3.145649350649350708e+02
1.828766233766233427e+02 3.141320346320346175e+02
2.175086580086580170e+02 2.911883116883116713e+02
2.607987012987013031e+02 1.613181818181818130e+02
2.703225108225108215e+02 1.344783549783549574e+02
2.499761904761904816e+02 1.369913419913416419e+01
2.525735930735930879e+02 1.846103896103892339e+01
6.123160173160168540e+01 3.742424242424192471e+00
3.395887445887440492e+01 6.911038961038957495e+01
9.759523809523805937e+01 3.742424242424192471e+00
7.465151515151511319e+01 5.569047619047614717e+01
1.387207792207792068e+02 1.314480519480519263e+02
1.404523809523809064e+02 1.539588744588744476e+02
1.058203463203463031e+02 2.085043290043289801e+02
9.066883116883114724e+01 2.119675324675324646e+02
5.300649350649347014e+01 1.453008658008657790e+02
5.733549783549780443e+01 1.349112554112553823e+02
7.291991341991338516e+01 5.915367965367960323e+01
1.690238095238095184e+02 1.357770562770562606e+02
2.265995670995670821e+02 5.352597402597399423e+01
2.244350649350649292e+02 5.872077922077920675e+01
2.547380952380952408e+02 1.418376623376623229e+02
2.452142857142857224e+02 1.357770562770562606e+02
2.162099567099567139e+02 2.037424242424242209e+02
