3.406493506493507084e+01 2.173571428571427759e+02
2.590000000000000568e+02 2.056038961038960622e+02
3.627272727272726627e+01 2.443051948051947591e+02
2.619220779220779605e+02 2.326168831168830593e+02
3.588311688311687675e+01 2.705389610389609629e+02
2.625714285714286689e+02 2.590454545454544473e+02
8.237662337662342793e+01 3.469025974025973369e+02
2.128961038961039662e+02 3.420324675324674786e+02
9.679220779220781878e+01 3.615779220779220395e+02
1.954935064935065441e+02 3.571623376623376203e+02
1.198441558441558925e+02 3.709285714285713880e+02
1.722467532467532862e+02 3.649545454545454390e+02
7.140259740259743637e+01 7.112337662337651523e+01
2.075714285714286120e+02 6.099350649350637354e+01
9.127272727272732311e+01 5.592857142857133113e+01
1.758831168831169407e+02 4.696753246753237221e+01
1.152337662337662607e+02 4.469480519480509173e+01
1.450389610389611050e+02 4.092857142857131691e+01
6.451948051948055252e+01 1.691753246753245890e+02
8.581818181818182723e+01 1.607337662337661754e+02
1.019870129870130313e+02 1.648246753246752689e+02
1.783506493506494337e+02 1.668376623376622376e+02
2.015974025974026631e+02 1.569025974025973369e+02
2.198441558441559209e+02 1.646948051948050988e+02
9.750649350649356961e+01 1.974870129870129176e+02
1.986103896103896886e+02 1.928116883116882434e+02
1.308181818181818699e+02 2.085259740259739374e+02
1.267922077922078330e+02 2.324220779220778468e+02
1.295194805194805667e+02 2.643701298701298015e+02
1.607532467532467990e+02 2.613831168831168270e+02
1.640000000000000568e+02 2.397597402597401697e+02
1.551038961038961475e+02 2.118376623376622661e+02
1.062727272727272947e+02 2.843051948051947306e+02
1.428311688311688954e+02 2.833961038961038525e+02
1.817272727272728048e+02 2.803441558441558072e+02
1.849740259740260626e+02 3.355389610389609629e+02
1.546493506493507084e+02 3.369025974025973369e+02
1.206883116883117140e+02 3.387207792207792068e+02
0.000000000000000000e+00 0.000000000000000000e+00
2.980000000000000000e+02 0.000000000000000000e+00
0.000000000000000000e+00 4.790000000000000000e+02
2.980000000000000000e+02 4.790000000000000000e+02
