6.754707792207790362e+01 3.297786796536796601e+02
4.586455627705629468e+02 3.018430735930735977e+02
7.632683982683977320e+01 3.752738095238095184e+02
4.642326839826840796e+02 3.465400432900432861e+02
8.271212121212118973e+01 4.191726190476190368e+02
4.562510822510823800e+02 3.800627705627705382e+02
1.473630952380952408e+02 5.133555194805194333e+02
3.724442640692641362e+02 5.061720779220779605e+02
1.745005411255411332e+02 5.388966450216450994e+02
3.556829004329005102e+02 5.269242424242424931e+02
2.287754329004329179e+02 5.500708874458874789e+02
3.014080086580087254e+02 5.500708874458874789e+02
1.074550865800865722e+02 1.454036796536796601e+02
3.373252164502165442e+02 1.015048701298700280e+02
1.210238095238095184e+02 1.015048701298700280e+02
2.814540043290044196e+02 7.756006493506492916e+01
1.625281385281385269e+02 7.756006493506492916e+01
2.080232683982684421e+02 7.756006493506492916e+01
1.242164502164501982e+02 2.659258658008657790e+02
1.369870129870129745e+02 2.387884199134198866e+02
1.657207792207792636e+02 2.475681818181818130e+02
3.014080086580087254e+02 2.459718614718614731e+02
3.389215367965368841e+02 2.411829004329003965e+02
3.636645021645022098e+02 2.499626623376623229e+02
1.681152597402597735e+02 3.042375541125541076e+02
3.325362554112555245e+02 2.962559523809523512e+02
2.335643939393939945e+02 3.385584415584415297e+02
2.287754329004329179e+02 3.664940476190475920e+02
2.694816017316018133e+02 3.377602813852813597e+02
2.814540043290044196e+02 3.625032467532467422e+02
2.319680735930736546e+02 4.064020562770562606e+02
2.718760822510822663e+02 4.048057359307359206e+02
1.752987012987013031e+02 4.343376623376623229e+02
2.503257575757576205e+02 4.271542207792207932e+02
3.181693722943723515e+02 4.271542207792207932e+02
3.229583333333333712e+02 4.854199134199134278e+02
2.591055194805195470e+02 4.981904761904762040e+02
1.920600649350649860e+02 4.981904761904762040e+02
0.000000000000000000e+00 0.000000000000000000e+00
5.230000000000000000e+02 0.000000000000000000e+00
0.000000000000000000e+00 5.890000000000000000e+02
5.230000000000000000e+02 5.890000000000000000e+02
