3.016883116883116145e+01 1.941753246753245890e+02
2.632857142857143344e+02 1.876818181818181301e+02
3.081818181818181301e+01 2.240454545454545041e+02
2.671818181818182438e+02 2.162532467532466853e+02
3.081818181818181301e+01 2.506688311688311046e+02
2.658831168831169407e+02 2.467727272727271952e+02
7.887012987012991516e+01 3.285909090909090082e+02
2.191298701298701985e+02 3.246948051948051557e+02
9.250649350649354119e+01 3.467727272727272521e+02
2.028961038961039662e+02 3.415779220779220395e+02
1.165324675324675923e+02 3.565129870129869687e+02
1.769220779220779605e+02 3.493701298701298583e+02
7.627272727272730890e+01 5.651298701298691185e+01
2.126363636363636829e+02 5.066883116883104776e+01
9.964935064935070841e+01 4.287662337662328582e+01
1.801688311688312183e+02 3.898051948051937643e+01
1.230259740259740511e+02 3.573376623376611860e+01
1.502987012987013600e+02 3.313636363636351234e+01
6.198701298701303131e+01 1.545649350649349572e+02
8.601298701298702554e+01 1.500194805194804530e+02
9.964935064935070841e+01 1.519675324675324077e+02
1.853636363636364308e+02 1.565129870129869119e+02
2.074415584415585272e+02 1.487207792207791499e+02
2.282207792207793204e+02 1.545649350649349572e+02
9.575324675324679902e+01 1.844350649350648723e+02
2.067922077922078756e+02 1.805389610389609629e+02
1.327662337662338246e+02 1.896298701298700280e+02
1.275714285714286120e+02 2.143051948051947306e+02
1.314675324675325214e+02 2.474220779220778468e+02
1.652337662337662891e+02 2.448246753246752405e+02
1.684805194805195470e+02 2.253441558441557504e+02
1.593896103896104250e+02 1.935259740259739374e+02
1.035454545454545610e+02 2.694999999999999432e+02
1.457532467532467990e+02 2.682012987012986400e+02
1.899090909090909918e+02 2.649545454545453822e+02
1.912077922077922949e+02 3.201493506493505947e+02
1.626363636363636829e+02 3.220974025974025494e+02
1.230259740259740511e+02 3.246948051948051557e+02
0.000000000000000000e+00 0.000000000000000000e+00
2.980000000000000000e+02 0.000000000000000000e+00
0.000000000000000000e+00 4.790000000000000000e+02
2.980000000000000000e+02 4.790000000000000000e+02
