6.026190476190475920e+01 6.965827922077920675e+01 6.544994588744589237e+01 2.276939935064935128e+02
6.824350649350648723e+01 1.949694264069264023e+02 1.185275974025974222e+02 2.588222402597402834e+02
1.472613636363636829e+02 2.596204004329004533e+02 2.107150974025974506e+02 1.965657467532467422e+02
2.107150974025974506e+02 2.113317099567099717e+02 2.011371753246754110e+02 5.249783549783546732e+01
2.039307359307359775e+02 8.921320346320345607e+01 1.157340367965368273e+02 2.815395021645019824e+01
1.249128787878788103e+02 2.256682900432895167e+01 6.185822510822509912e+01 8.083252164502161463e+01
8.261038961038963180e+01 9.320400432900430587e+01 1.193257575757575921e+02 1.111626082251082153e+02
1.568392857142857792e+02 1.015846861471861189e+02 1.915592532467533147e+02 1.007865259740259489e+02
6.904166666666665719e+01 1.155524891774891785e+02 1.217202380952381304e+02 1.259285714285714164e+02
6.864258658008657221e+01 1.594512987012986969e+02 1.265091991341991502e+02 1.514696969696969688e+02
1.420733225108225497e+02 1.303184523809523796e+02 1.923574134199134846e+02 1.071718073593073370e+02
1.436696428571428896e+02 1.446853354978354957e+02 2.015362554112554676e+02 1.534650974025973937e+02
1.269082792207792636e+02 1.454834956709956657e+02 1.133395562770562890e+02 1.786071428571428612e+02
1.380825216450216999e+02 1.478779761904761756e+02 1.552429653679653825e+02 1.778089826839826912e+02
9.617911255411257798e+01 2.013547077922077904e+02 1.676144480519481021e+02 1.997583874458874504e+02
1.045597943722943910e+02 2.296893939393939377e+02 1.540457251082251560e+02 2.264967532467532578e+02
