3.179437229437225199e+01 9.378571428571427759e+01
3.698917748917743609e+01 2.175952380952380736e+02
3.092857142857137376e+01 2.318809523809523796e+02
8.850432900432896588e+01 2.963831168831168839e+02
8.071212121212117552e+01 3.046082251082250991e+02
2.382878787878787534e+02 3.028766233766233995e+02
2.179415584415584135e+02 3.124004329004329179e+02
2.729199134199134278e+02 1.846948051948051841e+02
2.759502164502164305e+02 1.604523809523809348e+02
2.607987012987013031e+02 2.755194805194804530e+01
2.499761904761904816e+02 1.369913419913416419e+01
6.339610389610386676e+01 1.110173160173155793e+01
3.266017316017313021e+01 4.876406926406923503e+01
9.759523809523805937e+01 2.010822510822492859e+00
5.560389610389607640e+01 8.512770562770560900e+01
1.309285714285713880e+02 1.453008658008657790e+02
1.413181818181818130e+02 1.578549783549783285e+02
1.110151515151514872e+02 2.028766233766233711e+02
9.759523809523805937e+01 2.076385281385281303e+02
4.824458874458871094e+01 1.643484848484848442e+02
4.608008658008652958e+01 1.548246753246752974e+02
5.603679653679650130e+01 7.517099567099563728e+01
1.824437229437229462e+02 1.483311688311688101e+02
2.642619047619047592e+02 7.603679653679648709e+01
2.586341991341991502e+02 7.560389610389609061e+01
2.690238095238095184e+02 1.284177489177488951e+02
2.655606060606060623e+02 1.453008658008657790e+02
2.413181818181818130e+02 1.842619047619047592e+02
