1.304166666666665364e+01 2.233549783549782575e+01 1.527380952380951129e+01 7.029274891774890932e+01
1.459740259740258495e+01 2.030627705627704671e+01 4.517099567099566571e+01 1.299242424242407878e+00
8.081764069264069406e+01 2.646158008658007788e+01 4.801190476190475920e+01 1.637445887445871051e+00
8.047943722943722378e+01 1.841233766233764868e+01 8.135876623376623229e+01 6.616666666666665719e+01
8.271158008658008498e+01 5.886147186147185550e+01 5.085281385281385269e+01 9.288474025974025494e+01
4.645616883116882434e+01 9.389935064935065157e+01 1.392099567099565860e+01 6.231114718614718129e+01
2.068506493506492561e+01 2.077976190476189089e+01 4.320941558441558072e+01 4.485984848484847731e+01
4.550919913419912888e+01 4.736255411255410763e+01 3.306331168831167844e+01 6.528733766233764868e+01
3.204870129870128892e+01 6.609902597402596314e+01 1.716774891774890577e+01 4.993290043290042490e+01
1.507088744588743268e+01 4.370995670995669968e+01 1.973809523809522659e+01 1.868290043290041780e+01
5.504653679653679177e+01 4.080140692640691924e+01 7.040097402597402265e+01 2.192965367965366852e+01
7.743560606060606233e+01 2.328246753246751410e+01 8.075000000000000000e+01 4.655086580086579318e+01
8.075000000000000000e+01 4.607738095238094189e+01 7.094209956709956089e+01 6.264935064935063735e+01
6.607196969696968836e+01 6.474621212121212466e+01 5.146158008658007788e+01 5.013582251082250707e+01
