5.067857142857133113e+01 2.567229437229436826e+02
3.186872294372293482e+02 2.575400432900432861e+02
5.312987012987008484e+01 2.836872294372294050e+02
3.203214285714284415e+02 2.853214285714285552e+02
6.130086580086572212e+01 3.163712121212121247e+02
3.170530303030302548e+02 3.131028138528138243e+02
1.103268398268397732e+02 4.087034632034632295e+02
2.811006493506492916e+02 4.054350649350649292e+02
1.315714285714284983e+02 4.274967532467532578e+02
2.565876623376622092e+02 4.234112554112554108e+02
1.634383116883116145e+02 4.323993506493506516e+02
2.124642857142856656e+02 4.283138528138528045e+02
9.398484848484838494e+01 7.859523809523807358e+01
2.712954545454543904e+02 8.349783549783546732e+01
1.258517316017315011e+02 5.898484848484849863e+01
2.239036796536795464e+02 5.816774891774889511e+01
1.511818181818180733e+02 5.326515151515150137e+01
1.797803030303028891e+02 5.081385281385280450e+01
8.826515151515144453e+01 2.085140692640692350e+02
1.242175324675324077e+02 2.085140692640692350e+02
1.487305194805193764e+02 2.125995670995670821e+02
2.222694805194804530e+02 2.150508658008657790e+02
2.598560606060605096e+02 2.060627705627705382e+02
2.843690476190474783e+02 2.117824675324675354e+02
1.234004329004328042e+02 2.395638528138528045e+02
2.475995670995670253e+02 2.420151515151515014e+02
1.732435064935064020e+02 2.542716450216449857e+02
1.658896103896103114e+02 2.836872294372294050e+02
1.658896103896103114e+02 3.163712121212121247e+02
2.010248917748916710e+02 3.147370129870129745e+02
2.059274891774890648e+02 2.877727272727272521e+02
1.953051948051946738e+02 2.534545454545454390e+02
1.381082251082250423e+02 3.457867965367965439e+02
1.904025974025972801e+02 3.384329004329004533e+02
2.418798701298700280e+02 3.433354978354978471e+02
2.377943722943722378e+02 3.882759740259740511e+02
2.002077922077920675e+02 3.931785714285714448e+02
1.454621212121211329e+02 3.931785714285714448e+02
0.000000000000000000e+00 0.000000000000000000e+00
3.710000000000000000e+02 0.000000000000000000e+00
0.000000000000000000e+00 6.030000000000000000e+02
3.710000000000000000e+02 6.030000000000000000e+02
