3.861038961038963180e+01 2.444025974025973369e+02
2.540000000000000853e+02 2.265129870129869687e+02
4.263636363636363313e+01 2.679415584415584135e+02
2.557857142857143344e+02 2.517077922077921528e+02
4.179220779220779036e+01 2.937207792207791499e+02
2.587077922077922949e+02 2.733636363636363171e+02
8.646753246753250721e+01 3.682662337662337109e+02
2.056233766233766858e+02 3.622597402597401697e+02
1.017922077922078188e+02 3.788506493506492916e+02
1.868571428571428896e+02 3.753441558441558072e+02
1.237077922077922665e+02 3.877467532467532010e+02
1.667922077922078188e+02 3.831363636363635692e+02
6.572077922077926360e+01 8.816883116883106197e+01
2.016623376623377055e+02 7.303896103896092029e+01
8.150000000000002842e+01 7.115584415584405065e+01
1.708831168831169407e+02 5.628571428571420654e+01
1.061428571428571814e+02 5.514935064935056630e+01
1.389025974025974506e+02 5.001948051948041751e+01
6.747402597402600577e+01 1.862207792207791499e+02
8.559090909090909349e+01 1.732337662337661754e+02
1.047142857142857508e+02 1.798246753246752405e+02
1.701688311688312183e+02 1.788831168831167702e+02
1.947792207792208501e+02 1.664480519480518694e+02
2.100714285714286405e+02 1.765129870129869403e+02
9.955194805194811636e+01 2.127142857142856371e+02
1.890649350649351277e+02 2.071298701298700848e+02
1.285454545454545894e+02 2.305714285714284983e+02
1.258831168831169123e+02 2.535584415584415012e+02
1.272467532467532862e+02 2.841428571428571104e+02
1.555259740259740795e+02 2.807012987012986400e+02
1.587727272727273373e+02 2.565779220779220395e+02
1.501038961038961475e+02 2.332012987012986400e+02
1.094545454545454959e+02 3.015779220779220395e+02
1.394220779220779889e+02 3.011233766233765436e+02
1.721818181818182438e+02 2.982987012987012463e+02
1.777012987012987821e+02 3.534935064935064588e+02
1.453311688311688954e+02 3.541753246753246458e+02
1.179610389610390087e+02 3.550844155844155239e+02
0.000000000000000000e+00 0.000000000000000000e+00
2.980000000000000000e+02 0.000000000000000000e+00
0.000000000000000000e+00 4.790000000000000000e+02
2.980000000000000000e+02 4.790000000000000000e+02
