4.315584415584419276e+01 2.714480519480518979e+02
2.490000000000001137e+02 2.474220779220778468e+02
4.900000000000000000e+01 2.915779220779220395e+02
2.496493506493507084e+02 2.707987012987012463e+02
4.770129870129869687e+01 3.169025974025973369e+02
2.548441558441559209e+02 2.876818181818181301e+02
9.055844155844158649e+01 3.896298701298700848e+02
1.983506493506494053e+02 3.824870129870129176e+02
1.067922077922078188e+02 3.961233766233765436e+02
1.782207792207792636e+02 3.935259740259739942e+02
1.275714285714286120e+02 4.045649350649350140e+02
1.613376623376623797e+02 4.013181818181817562e+02
6.003896103896107661e+01 1.052142857142856087e+02
1.957532467532467990e+02 8.508441558441546704e+01
7.172727272727274794e+01 8.638311688311677017e+01
1.658831168831169407e+02 6.560389610389603376e+01
9.705194805194810215e+01 6.560389610389603376e+01
1.327662337662338246e+02 5.911038961038951811e+01
7.042857142857144481e+01 2.032662337662337109e+02
8.536363636363637397e+01 1.857337662337661754e+02
1.074415584415584703e+02 1.948246753246752405e+02
1.619870129870130313e+02 1.909285714285713311e+02
1.879610389610390371e+02 1.759935064935064020e+02
2.002987012987013600e+02 1.883311688311687817e+02
1.015974025974026631e+02 2.279415584415583567e+02
1.795194805194805667e+02 2.214480519480518979e+02
1.262727272727273089e+02 2.526168831168830593e+02
1.249740259740260058e+02 2.746948051948051557e+02
1.249740259740260058e+02 3.039155844155843624e+02
1.502987012987013600e+02 3.000194805194804530e+02
1.535454545454546178e+02 2.733961038961038525e+02
1.451038961038961475e+02 2.545649350649350140e+02
1.126363636363636829e+02 3.188506493506492916e+02
1.360129870129870824e+02 3.188506493506492916e+02
1.626363636363636829e+02 3.162532467532466853e+02
1.704285714285715017e+02 3.714480519480518979e+02
1.360129870129870824e+02 3.714480519480518979e+02
1.152337662337662891e+02 3.714480519480518979e+02
0.000000000000000000e+00 0.000000000000000000e+00
2.980000000000000000e+02 0.000000000000000000e+00
0.000000000000000000e+00 4.790000000000000000e+02
2.980000000000000000e+02 4.790000000000000000e+02
