4.822727272727263426e+01 2.599913419913419830e+02
3.293095238095237391e+02 2.485519480519480453e+02
5.394696969696963151e+01 2.967608225108224929e+02
3.244069264069263454e+02 2.877727272727272521e+02
6.048376623376617545e+01 3.220909090909090651e+02
3.088820346320345607e+02 3.204567099567099717e+02
6.620346320346311586e+01 3.515064935064934843e+02
3.015281385281384701e+02 3.564090909090909349e+02
8.091125541125535392e+01 3.760194805194805099e+02
2.851861471861470818e+02 3.776536796536796601e+02
1.013387445887445324e+02 4.119718614718614731e+02
2.704783549783549006e+02 4.062521645021645327e+02
1.250346320346319544e+02 4.234112554112554108e+02
2.500508658008657221e+02 4.176915584415584703e+02
1.421937229437228893e+02 4.266796536796537112e+02
2.247207792207791499e+02 4.250454545454545610e+02
1.830487012987011894e+02 4.225941558441558641e+02
5.067857142857133113e+01 1.880865800865800566e+02
3.252240259740258352e+02 1.627564935064934843e+02
5.884956709956702525e+01 1.529512987012986969e+02
3.162359307359306513e+02 1.349751082251082153e+02
6.620346320346311586e+01 1.169989177489177337e+02
3.064307359307358638e+02 1.096450216450216431e+02
8.254545454545444727e+01 8.513203463203456067e+01
2.851861471861470818e+02 8.186363636363637397e+01
1.078755411255410763e+02 6.470454545454538220e+01
2.680270562770562037e+02 6.879004329004328611e+01
1.348398268398267419e+02 5.816774891774889511e+01
2.492337662337661186e+02 6.143614718614719550e+01
1.585357142857142208e+02 5.489935064935059472e+01
2.279891774891774503e+02 5.489935064935059472e+01
1.904025974025972801e+02 5.081385281385280450e+01
9.235064935064929159e+01 2.199534632034631727e+02
1.144123376623375634e+02 2.068798701298700848e+02
1.479134199134198298e+02 2.175021645021644758e+02
2.337088744588743339e+02 2.175021645021644758e+02
2.541363636363635123e+02 2.101482683982683852e+02
2.811006493506492916e+02 2.134166666666666288e+02
9.480194805194798846e+01 2.420151515151515014e+02
1.225833333333332575e+02 2.452835497835497449e+02
1.462792207792206796e+02 2.452835497835497449e+02
2.255378787878786397e+02 2.411980519480519547e+02
2.541363636363635123e+02 2.411980519480519547e+02
2.737467532467532010e+02 2.411980519480519547e+02
1.740606060606060055e+02 2.510032467532467422e+02
1.650725108225107078e+02 2.755162337662337677e+02
1.675238095238094047e+02 3.212738095238095184e+02
2.026590909090907644e+02 3.212738095238095184e+02
2.091958874458873652e+02 2.885898268398268556e+02
1.961222943722942773e+02 2.469177489177488951e+02
1.356569264069263454e+02 3.417012987012986969e+02
1.789632034632033992e+02 3.417012987012986969e+02
2.353430735930735409e+02 3.417012987012986969e+02
2.353430735930735409e+02 3.956298701298701417e+02
1.846829004329003965e+02 3.972640692640692919e+02
1.446450216450215862e+02 3.972640692640692919e+02
0.000000000000000000e+00 0.000000000000000000e+00
3.710000000000000000e+02 0.000000000000000000e+00
0.000000000000000000e+00 6.030000000000000000e+02
3.710000000000000000e+02 6.030000000000000000e+02
