7.110606060606050960e+01 3.139199134199134278e+02
3.325779220779219258e+02 3.139199134199133709e+02
1.029729437229436826e+02 3.850075757575758075e+02
3.211385281385279313e+02 3.711168831168831730e+02
1.176807359307358070e+02 4.185086580086580739e+02
3.088820346320345607e+02 3.956298701298700848e+02
1.250346320346319544e+02 4.479242424242424931e+02
2.949913419913418693e+02 4.266796536796536543e+02
1.299372294372292913e+02 4.708030303030303116e+02
2.949913419913418693e+02 4.691688311688311614e+02
1.503647186147184698e+02 4.806082251082250991e+02
2.802835497835496881e+02 4.830595238095238528e+02
1.707922077922077051e+02 5.083896103896104250e+02
2.647586580086579033e+02 5.010357142857142776e+02
1.863170995670995467e+02 5.329025974025973937e+02
2.655757575757575069e+02 5.280000000000000000e+02
2.500508658008657221e+02 5.418906926406925777e+02
5.721536796536793190e+01 2.599913419913419830e+02
3.252240259740258352e+02 2.510032467532466853e+02
5.721536796536793190e+01 2.264902597402597166e+02
3.211385281385280450e+02 2.068798701298701417e+02
6.783766233766232290e+01 1.807326839826838523e+02
3.146017316017314442e+02 1.668419913419913883e+02
8.581385281385274766e+01 1.390606060606061192e+02
3.113333333333332575e+02 1.014740259740259489e+02
9.970454545454538220e+01 1.022911255411255524e+02
2.958084415584413591e+02 7.205844155844147281e+01
1.381082251082250423e+02 6.797294372294368259e+01
2.819177489177488951e+02 5.816774891774878142e+01
1.519989177489176200e+02 5.653354978354980176e+01
2.590389610389607924e+02 4.672835497835501428e+01
2.051103896103894613e+02 3.774025974025960295e+01
1.054242424242423795e+02 2.967608225108224929e+02
1.552673160173159204e+02 3.065660173160172803e+02
1.920367965367963734e+02 3.106515151515151842e+02
2.402456709956709346e+02 3.073831168831168839e+02
2.786493506493504810e+02 2.885898268398267987e+02
3.121504329004328611e+02 2.853214285714285552e+02
1.389253246753245321e+02 3.449696969696969973e+02
1.536331168831168270e+02 3.351645021645021529e+02
1.773290043290043627e+02 3.351645021645021529e+02
2.435140692640692350e+02 3.359816017316017565e+02
2.835519480519478748e+02 3.359816017316017565e+02
3.178701298701297446e+02 3.294448051948051557e+02
1.953051948051947875e+02 3.555919913419913314e+02
1.895854978354976765e+02 3.980811688311688386e+02
2.002077922077921812e+02 4.536439393939393767e+02
2.451482683982683284e+02 4.536439393939393767e+02
2.320746753246751268e+02 3.784707792207791499e+02
2.288062770562770538e+02 3.449696969696969973e+02
1.667067099567098012e+02 4.740714285714285552e+02
2.247207792207791499e+02 4.708030303030303685e+02
2.549534632034631159e+02 4.577294372294372806e+02
2.680270562770560900e+02 5.002186147186147309e+02
2.337088744588743339e+02 5.280000000000000000e+02
1.920367965367964302e+02 5.116580086580086686e+02
0.000000000000000000e+00 0.000000000000000000e+00
3.710000000000000000e+02 0.000000000000000000e+00
0.000000000000000000e+00 6.030000000000000000e+02
3.710000000000000000e+02 6.030000000000000000e+02
