3.678787878787869658e+01 2.330270562770562606e+02
3.276753246753246458e+02 2.158679653679653825e+02
2.943398268398260598e+01 2.526374458874458355e+02
3.260411255411255524e+02 2.461006493506492916e+02
3.188528138528135969e+01 2.738820346320345607e+02
3.088820346320345607e+02 2.828701298701299152e+02
3.678787878787869658e+01 3.032976190476189799e+02
3.047965367965367705e+02 3.212738095238095752e+02
5.639826839826838523e+01 3.286277056277056090e+02
2.802835497835496881e+02 3.318961038961039094e+02
7.682575757575756370e+01 3.776536796536796601e+02
2.655757575757575069e+02 3.678484848484848726e+02
1.021558441558440791e+02 3.809220779220779036e+02
2.426969696969696315e+02 3.760194805194805667e+02
1.201320346320345607e+02 3.735681818181818699e+02
2.042932900432899714e+02 3.735681818181818699e+02
1.495476190476189231e+02 3.629458874458874789e+02
4.741017316017303074e+01 1.521341991341990934e+02
3.252240259740258352e+02 1.186331168831168839e+02
5.966666666666657193e+01 1.161818181818181870e+02
3.137846320346319544e+02 9.902272727272725206e+01
6.538636363636351234e+01 8.513203463203467436e+01
3.023452380952380736e+02 8.104653679653677045e+01
8.091125541125529708e+01 5.816774891774878142e+01
2.721125541125539939e+02 7.205844155844158649e+01
1.119610389610389234e+02 4.591125541125529708e+01
2.541363636363636260e+02 6.715584415584419276e+01
1.332056277056275917e+02 5.326515151515150137e+01
2.328917748917747303e+02 6.307034632034640254e+01
1.618041125541125211e+02 5.408225108225099120e+01
2.124642857142857792e+02 5.898484848484838494e+01
1.830487012987011894e+02 5.735064935064940528e+01
8.581385281385274766e+01 1.815497835497835126e+02
9.398484848484838494e+01 1.570367965367964871e+02
1.258517316017315579e+02 1.709274891774891216e+02
2.304404761904760335e+02 1.725616883116882718e+02
2.418798701298700280e+02 1.709274891774891785e+02
2.655757575757575069e+02 1.774642857142856656e+02
7.274025974025971664e+01 1.905378787878787534e+02
1.070584415584414728e+02 2.003430735930735409e+02
1.307543290043288380e+02 2.003430735930735409e+02
2.165497835497833421e+02 1.938062770562770538e+02
2.394285714285713311e+02 1.938062770562770538e+02
2.516850649350649292e+02 1.970746753246753542e+02
1.634383116883116145e+02 1.987088744588744476e+02
1.528160173160172235e+02 2.142337662337662323e+02
1.511818181818180165e+02 2.550887445887445892e+02
1.814145021645019824e+02 2.550887445887445892e+02
1.977564935064934843e+02 2.436493506493507084e+02
1.797803030303028891e+02 1.978917748917748440e+02
1.201320346320346175e+02 2.755162337662337677e+02
1.560844155844155239e+02 2.771504329004328611e+02
2.255378787878787534e+02 2.836872294372294050e+02
2.190010822510822663e+02 3.433354978354978471e+02
1.601699134199134278e+02 3.318961038961039094e+02
1.209491341991341642e+02 3.400670995670996035e+02
0.000000000000000000e+00 0.000000000000000000e+00
3.710000000000000000e+02 0.000000000000000000e+00
0.000000000000000000e+00 6.030000000000000000e+02
3.710000000000000000e+02 6.030000000000000000e+02
