5.966666666666657193e+01 2.869556277056277054e+02
3.309437229437228325e+02 2.812359307359307081e+02
7.845995670995665705e+01 3.408841991341991502e+02
3.227727272727271384e+02 3.294448051948052125e+02
8.908225108225099120e+01 3.702997835497835695e+02
3.088820346320345607e+02 3.580432900432900283e+02
9.561904761904753514e+01 3.997153679653679887e+02
2.982597402597401697e+02 3.915443722943722946e+02
1.054242424242423226e+02 4.234112554112554108e+02
2.900887445887444755e+02 4.234112554112554108e+02
1.258517316017315011e+02 4.462900432900432861e+02
2.753809523809522943e+02 4.446558441558441928e+02
1.479134199134198298e+02 4.659004329004329179e+02
2.574047619047618127e+02 4.593636363636363740e+02
1.642554112554112180e+02 4.797911255411255524e+02
2.451482683982683284e+02 4.765227272727272521e+02
2.165497835497834558e+02 4.822424242424242493e+02
5.394696969696963151e+01 2.240389610389610198e+02
3.252240259740258352e+02 2.068798701298700848e+02
5.803246753246747858e+01 1.897207792207792068e+02
3.186872294372293482e+02 1.709274891774891785e+02
6.702056277056271938e+01 1.488658008658007930e+02
3.105162337662336540e+02 1.382435064935065157e+02
8.417965367965359746e+01 1.120963203463203399e+02
2.982597402597401697e+02 9.166883116883116145e+01
1.037900432900432293e+02 8.349783549783546732e+01
2.819177489177487814e+02 7.042424242424237946e+01
1.364740259740258921e+02 6.307034632034628885e+01
2.655757575757575069e+02 5.980194805194798846e+01
1.552673160173159204e+02 5.571645021645019824e+01
2.435140692640691213e+02 5.081385281385280450e+01
1.977564935064933707e+02 4.427705627705620373e+01
9.888744588744583552e+01 2.583571428571428328e+02
1.348398268398267419e+02 2.567229437229436826e+02
1.699751082251081016e+02 2.640768398268398300e+02
2.369772727272726343e+02 2.624426406926406798e+02
2.663928571428569967e+02 2.493690476190475920e+02
2.966255411255410763e+02 2.493690476190475920e+02
1.168636363636362603e+02 2.934924242424242493e+02
1.381082251082250423e+02 2.902240259740259489e+02
1.618041125541125211e+02 2.902240259740259489e+02
2.345259740259739374e+02 2.885898268398268556e+02
2.688441558441556936e+02 2.885898268398268556e+02
2.958084415584414728e+02 2.853214285714285552e+02
1.846829004329003965e+02 3.032976190476190368e+02
1.773290043290041922e+02 3.367987012987013031e+02
1.838658008658007930e+02 3.874588744588744476e+02
2.239036796536795464e+02 3.874588744588744476e+02
2.206352813852812460e+02 3.335303030303030027e+02
2.124642857142856656e+02 2.959437229437229462e+02
1.511818181818180733e+02 4.078863636363636260e+02
2.018419913419912746e+02 4.062521645021645327e+02
2.451482683982683284e+02 3.997153679653679887e+02
2.516850649350648155e+02 4.479242424242424363e+02
2.091958874458873652e+02 4.626320346320346744e+02
1.683409090909090082e+02 4.544610389610389802e+02
0.000000000000000000e+00 0.000000000000000000e+00
3.710000000000000000e+02 0.000000000000000000e+00
0.000000000000000000e+00 6.030000000000000000e+02
3.710000000000000000e+02 6.030000000000000000e+02
