2.207987012987012747e+02 2.422272727272726343e+02
4.266428571428571104e+02 2.344350649350648723e+02
2.227467532467532294e+02 2.662532467532466853e+02
4.272922077922078188e+02 2.565129870129869687e+02
2.240454545454545325e+02 2.818376623376622661e+02
4.214480519480518979e+02 2.779415584415583567e+02
2.409285714285714164e+02 3.357337662337661754e+02
4.078116883116882718e+02 3.292402597402597166e+02
2.565129870129869687e+02 3.617077922077921812e+02
3.948246753246753542e+02 3.545649350649350140e+02
2.766428571428571104e+02 3.753441558441558072e+02
3.785909090909091219e+02 3.727467532467532010e+02
2.240454545454545325e+02 1.376818181818180733e+02
4.026168831168831730e+02 1.305389610389609629e+02
2.396298701298701133e+02 1.130064935064934275e+02
3.753441558441558072e+02 1.058636363636362603e+02
2.604090909090908781e+02 1.019675324675323509e+02
3.474220779220779605e+02 9.677272727272719521e+01
2.435259740259740227e+02 2.097597402597401697e+02
2.662532467532467990e+02 2.006688311688311046e+02
2.909285714285714448e+02 2.071623376623375634e+02
3.480714285714285552e+02 2.084610389610388665e+02
3.682012987012986969e+02 2.019675324675324077e+02
3.935259740259740511e+02 2.104090909090908212e+02
2.604090909090908781e+02 2.337857142857142208e+02
2.805389610389610198e+02 2.337857142857142208e+02
2.922272727272727479e+02 2.337857142857142208e+02
3.500194805194805667e+02 2.324870129870129176e+02
3.656038961038960906e+02 2.337857142857142208e+02
3.805389610389610198e+02 2.350844155844155239e+02
3.110584415584415865e+02 2.389805194805194333e+02
3.058636363636363740e+02 2.591103896103895750e+02
3.123571428571428896e+02 2.863831168831168270e+02
3.389805194805195470e+02 2.863831168831168270e+02
3.389805194805195470e+02 2.552142857142856656e+02
3.305389610389610198e+02 2.318376623376622661e+02
2.902792207792207364e+02 3.097597402597401697e+02
3.207987012987013031e+02 3.097597402597401697e+02
3.428766233766233427e+02 3.084610389610388665e+02
3.526168831168831730e+02 3.454740259740259489e+02
3.285909090909091219e+02 3.454740259740259489e+02
3.006688311688311614e+02 3.454740259740259489e+02
0.000000000000000000e+00 0.000000000000000000e+00
6.390000000000000000e+02 0.000000000000000000e+00
0.000000000000000000e+00 4.790000000000000000e+02
6.390000000000000000e+02 4.790000000000000000e+02
