1.837857142857142492e+02 2.500194805194804530e+02
3.948246753246753542e+02 2.448246753246752405e+02
1.896298701298701133e+02 2.733961038961038525e+02
3.928766233766233427e+02 2.649545454545453822e+02
1.902792207792207648e+02 2.948246753246752405e+02
3.909285714285714448e+02 2.824870129870129176e+02
2.182012987012986684e+02 3.656038961038960906e+02
3.707987012987013031e+02 3.558636363636363171e+02
2.396298701298701133e+02 3.993701298701298583e+02
3.591103896103895750e+02 3.850844155844155239e+02
2.584610389610389802e+02 4.156038961038960906e+02
3.435259740259740511e+02 4.104090909090908781e+02
2.045649350649350424e+02 1.318376623376622661e+02
3.779415584415584135e+02 1.279415584415583567e+02
2.207987012987012747e+02 1.117077922077921244e+02
3.526168831168831730e+02 1.071623376623375634e+02
2.448246753246753258e+02 9.742207792207784678e+01
3.220974025974026063e+02 9.222727272727263426e+01
2.130064935064935128e+02 2.441753246753245890e+02
2.331363636363636545e+02 2.324870129870129176e+02
2.623571428571428896e+02 2.396298701298700848e+02
3.175519480519481021e+02 2.396298701298700848e+02
3.415779220779220395e+02 2.272922077922077051e+02
3.669025974025973937e+02 2.376818181818181301e+02
2.246948051948051841e+02 2.604090909090908212e+02
2.467727272727272805e+02 2.591103896103895750e+02
2.656038961038960906e+02 2.591103896103895750e+02
3.149545454545454959e+02 2.604090909090908212e+02
3.344350649350649292e+02 2.591103896103895750e+02
3.578116883116882718e+02 2.578116883116882718e+02
2.805389610389610198e+02 2.753441558441558072e+02
2.727467532467532010e+02 2.954740259740259489e+02
2.772922077922078188e+02 3.188506493506492916e+02
3.078116883116882718e+02 3.182012987012986400e+02
3.123571428571428896e+02 2.954740259740259489e+02
3.013181818181818699e+02 2.714480519480518979e+02
2.571623376623376771e+02 3.441753246753246458e+02
2.948246753246753542e+02 3.448246753246752405e+02
3.292402597402597166e+02 3.448246753246752405e+02
3.331363636363636260e+02 3.844350649350649292e+02
3.000194805194805667e+02 3.902792207792207364e+02
2.714480519480518979e+02 3.902792207792207364e+02
0.000000000000000000e+00 0.000000000000000000e+00
6.390000000000000000e+02 0.000000000000000000e+00
0.000000000000000000e+00 4.790000000000000000e+02
6.390000000000000000e+02 4.790000000000000000e+02
